                      0                  0.0038                       0        -803.47795818073                       0 
      0.050125313283208                  0.0038    0.000396466963566308       -803.255603435256   -9.2387572013476E-005 
      0.100250626566416                  0.0038     0.00297376652727241        -803.56322510394   -0.000193482330484125 
      0.150375939849624                  0.0038      0.0055623225715614       -805.355615524763   -0.000102673758243566 
      0.200501253132832                  0.0038     0.00611702999105485       -807.564332988315   2.89344747621194E-005 
       0.25062656641604                  0.0038     0.00513621065769967       -809.045267762223   7.91513781662485E-005 
      0.300751879699248                  0.0038     0.00395761321483786       -809.770146646805   5.79673516904164E-005 
      0.350877192982456                  0.0038     0.00336919853348159       -810.212670301907   1.13904495730216E-005 
      0.401002506265664                  0.0038     0.00347512188031402       -810.834404277873  -2.00573270694765E-005 
      0.451127819548872                  0.0038     0.00377245015485223       -811.856897784143  -1.31269016583722E-005 
       0.50125313283208                  0.0038     0.00380987443780038       -813.210137118077   6.91812773889932E-006 
      0.551378446115288                  0.0038     0.00359935017595902        -814.79035323458   1.59338829412589E-005 
      0.601503759398496                  0.0038     0.00325554035294947        -816.64866263919    2.3703754775692E-005 
      0.651629072681704                  0.0038     0.00272654790107843       -818.883285311442    3.6912972007945E-005 
      0.701754385964912                  0.0038     0.00193481006856894       -821.566672194607   5.51321956398736E-005 
       0.75187969924812                  0.0038    0.000813998162786848       -824.728990885923   7.57108153297466E-005 
      0.802005012531328                  0.0038    -0.00066734060575679         -828.3481864253   9.90451125246159E-005 
      0.852130325814536                  0.0038    -0.00255592855309813       -832.361217295545    0.000122106994750406 
      0.902255639097744                  0.0038    -0.00476002990556212       -836.614190302355    0.000140213108977172 
      0.952380952380952                  0.0038    -0.00723622392964894       -840.909188997338    0.000153515924864125 
       1.00250626566416                  0.0038    -0.00984209486958115       -845.004110442332    0.000160058492670614 
       1.05263157894737                  0.0038     -0.0125342636666232       -848.723667599871    0.000161326438451698 
       1.10275689223058                  0.0038     -0.0151578963980545       -851.860015743697    0.000158100011493707 
       1.15288220551378                  0.0038     -0.0177259163843814       -854.254473433689    0.000151601925044106 
       1.20300751879699                  0.0038     -0.0201715390289868        -855.88780987758    0.000144001030077642 
        1.2531328320802                  0.0038     -0.0224364658893286       -856.706961222095    0.000141499584522762 
       1.30325814536341                  0.0038     -0.0245550576049243       -856.527556844745    0.000130401211757974 
       1.35338345864662                  0.0038     -0.0265292152935526       -855.482487267872    0.000116079880445271 
       1.40350877192982                  0.0038     -0.0283548360241171       -853.600061674458    0.000106960007049708 
       1.45363408521303                  0.0038     -0.0300390606201428        -850.87305232963   9.85596851739759E-005 
       1.50375939849624                  0.0038     -0.0315895051318544       -847.320914972795   9.07785469239069E-005 
       1.55388471177945                  0.0038     -0.0330155876022697       -842.966342128983    8.3567495536672E-005 
       1.60401002506266                  0.0038     -0.0343235061728257       -837.833564366465    7.6645341461138E-005 
       1.65413533834586                  0.0038     -0.0355177790324822       -831.950361721472   7.00285799866984E-005 
       1.70426065162907                  0.0038     -0.0366049819062129        -825.34855051241   6.38737641954501E-005 
       1.75438596491228                  0.0038     -0.0375912350969014       -818.058040898489   5.79208737416048E-005 
       1.80451127819549                  0.0038     -0.0384786283762332       -810.111033293271   5.20614999188676E-005 
        1.8546365914787                  0.0038      -0.039271078934314       -801.543916999089   4.64781022024506E-005 
        1.9047619047619                  0.0038     -0.0399745325503309       -792.393257737146   4.12359163787671E-005 
       1.95488721804511                  0.0038     -0.0405950478038488       -782.695439191882   3.63177210621897E-005 
       2.00501253132832                  0.0038     -0.0411375032200812       -772.484786448097    3.1567697974774E-005 
       2.05513784461153                  0.0038     -0.0416042934052036       -761.794249919679   2.68216157523765E-005 
       2.10526315789474                  0.0038     -0.0419962293349159       -750.657287126827   2.20378203672331E-005 
       2.15538847117795                  0.0038      -0.042313173557256       -739.061892007545   1.73743443701561E-005 
       2.20551378446115                  0.0038     -0.0425409876565019        -727.03206491285   1.29785848192823E-005 
       2.25563909774436                  0.0038     -0.0427042475493511       -714.667114831074   8.90073927148466E-006 
       2.30576441102757                  0.0038     -0.0428083782338775       -701.998204024917   5.03446808689669E-006 
       2.35588972431078                  0.0038     -0.0428579897977137       -689.052915659689   1.26235626770382E-006 
       2.40601503759398                  0.0038     -0.0428303877406706       -675.772029703468  -2.52162491970179E-006 
       2.45614035087719                  0.0038     -0.0427440248146015       -662.261989964717  -6.00110976238619E-006 
        2.5062656641604                  0.0038     -0.0426090674613633       -648.572573973446  -9.37884437566917E-006 
       2.55639097744361                  0.0038       -0.04242014722552       -634.716762211907  -1.28004539725731E-005 
       2.60651629072682                  0.0038     -0.0421628959412371        -620.65623275953  -1.59628375650284E-005 
       2.65664160401002                  0.0038     -0.0418666149774287       -606.505361599792  -1.89252010563591E-005 
       2.70676691729323                  0.0038     -0.0415343061527735       -592.274755882845  -2.17026188921331E-005 
       2.75689223057644                  0.0038      -0.041130055177941       -577.946881783506  -2.43128928722406E-005 
       2.80701754385965                  0.0038     -0.0407026557426198       -563.588138025681   -2.6797757137839E-005 
       2.85714285714286                  0.0038     -0.0402479914835011       -549.206158763762  -2.92411860021478E-005 
       2.90726817042607                  0.0038     -0.0397189478752189       -534.827342474157  -3.15374826564659E-005 
       2.95739348370927                  0.0038     -0.0391814533660554       -520.475064364598  -3.36630671289033E-005 
       3.00751879699248                  0.0038     -0.0385962672548745       -506.153883051318  -3.57377380712634E-005 
       3.05764411027569                  0.0038      -0.037986098176059       -491.929084377301  -3.75835712559807E-005 
        3.1077694235589                  0.0038     -0.0373604644143632       -477.755465476447  -3.93580360043872E-005 
       3.15789473684211                  0.0038     -0.0366752107374177       -463.714424375936  -4.10046721932663E-005 
       3.20802005012531                  0.0038     -0.0359918696769054       -449.787859993047  -4.24611340532881E-005 
       3.25814536340852                  0.0038     -0.0352648296043413       -435.966204114256   -4.3840666437778E-005 
       3.30827067669173                  0.0038     -0.0345346071702322       -422.357539266134  -4.50286525697738E-005 
       3.35839598997494                  0.0038     -0.0337966428066282       -408.813224269291  -4.61802854808338E-005 
       3.40852130325815                  0.0038     -0.0330026011680188       -395.573168230267  -4.71959089984939E-005 
       3.45864661654135                  0.0038     -0.0322304036030702        -382.41453581179   -4.8134575948726E-005 
       3.50877192982456                  0.0038     -0.0314082485764709       -369.534287191639  -4.89505792605789E-005 
       3.55889724310777                  0.0038     -0.0306084978480598       -356.805401204288  -4.96777633665479E-005 
       3.60902255639098                  0.0038     -0.0297643569134583       -344.326009663597  -5.03300771709742E-005 
       3.65914786967419                  0.0038     -0.0289438894491807       -332.059902791864  -5.08745113832748E-005 
       3.70927318295739                  0.0038     -0.0280822467445728       -320.019816773479  -5.13482542966502E-005 
        3.7593984962406                  0.0038     -0.0272476769591498        -308.23914335555  -5.17037757725504E-005 
       3.80952380952381                  0.0038     -0.0263743498509119       -296.671581706392  -5.19887407783291E-005 
       3.85964912280702                  0.0038     -0.0255319003417479       -285.387962349831  -5.21847044094245E-005 
       3.90977443609023                  0.0038     -0.0246519489831944       -274.321156346606  -5.23275257250714E-005 
       3.95989974937343                  0.0038     -0.0238063755477158       -263.537865162784  -5.23927710777957E-005 
       4.01002506265664                  0.0038     -0.0229241067004599         -252.9975144923  -5.23969695826485E-005 
       4.06015037593985                  0.0038     -0.0220793780548156       -242.709901215653  -5.23459297892905E-005 
       4.11027568922306                  0.0038     -0.0211994449926367       -232.716092572092  -5.22253680319531E-005 
       4.16040100250627                  0.0038     -0.0203588085264536       -222.912007283518  -5.20723477147517E-005 
       4.21052631578947                  0.0038     -0.0194852970913966       -213.480183882965  -5.18329190281043E-005 
       4.26065162907268                  0.0038     -0.0186511999812578       -204.141631788737  -5.15872760585563E-005 
       4.31077694235589                  0.0038     -0.0177887017478894       -195.282406100507  -5.12300049125798E-005 
        4.3609022556391                  0.0038      -0.016926203514521       -186.423180412277  -5.08727337666032E-005 
       4.41102756892231                  0.0038     -0.0161157149959064       -178.105662532438  -5.04585465361543E-005 
       4.46115288220551                  0.0038     -0.0152682475484997       -169.824485616918  -5.00217077346438E-005 
       4.51127819548872                  0.0038     -0.0144708540935636       -161.924988971692  -4.95540080802187E-005 
       4.56140350877193                  0.0038     -0.0136416175907899       -154.222872971574  -4.90374572321764E-005 
       4.61152882205514                  0.0038      -0.012857487290294       -146.709243027469  -4.85210215836958E-005 
       4.66165413533835                  0.0038     -0.0120498678329706       -139.582359409028  -4.79258785166884E-005 
       4.71177944862155                  0.0038     -0.0112422483756472       -132.455475790586   -4.7330735449681E-005 
       4.76190476190476                  0.0038      -0.010495439591736       -125.862663070787  -4.67183333700512E-005 
       4.81203007518797                  0.0038    -0.00971224072394957       -119.303045185754  -4.60735128926913E-005 
       4.86215538847118                  0.0038    -0.00897994633160061       -113.020798834436  -4.54437095478172E-005 
       4.91228070175439                  0.0038     -0.0082236840765675       -107.016719094226  -4.47643824219059E-005 
       4.96240601503759                  0.0038    -0.00748586467671854         -101.0127004665  -4.41016219456225E-005 
        5.0125313283208                  0.0038    -0.00677719284704273       -95.5480633077304  -4.33825321119339E-005 
       5.06265664160401                  0.0038    -0.00605003346856445       -90.0836158929481   -4.2644661756667E-005 
       5.11278195488722                  0.0038    -0.00537274983446794       -84.8492671714515  -4.19573063730939E-005 
       5.16290726817043                  0.0038    -0.00467638875504738       -79.9059089976491  -4.12504583031434E-005 
       5.21303258145363                  0.0038    -0.00398002767562682       -74.9625508238466  -4.05436102331929E-005 
       5.26315789473684                  0.0038    -0.00334569770021986       -70.4300678130854  -3.98144289891369E-005 
       5.31328320802005                  0.0038     -0.0026815829127413       -65.9857461502214  -3.90332467474317E-005 
       5.36340852130326                  0.0038     -0.0020568094242058        -61.609665517777  -3.83012000986769E-005 
       5.41353383458647                  0.0038    -0.00142594871392202       -57.6403981872324  -3.75837048852988E-005 
       5.46365914786967                  0.0038   -0.000795088003638231       -53.6711308566878  -3.68662096719207E-005 
       5.51378446115288                  0.0038   -0.000211382495214098       -49.8818177370291  -3.61836324914885E-005 
       5.56390977443609                  0.0038    0.000385525803419537       -46.3612435017663  -3.54546024651021E-005 
        5.6140350877193                  0.0038    0.000982434102053172       -42.8406692665035  -3.47255724387156E-005 
       5.66416040100251                  0.0038     0.00152657128138204       -39.5705627845274   -3.4006999656931E-005 
       5.71428571428571                  0.0038      0.0020892189557838       -36.4715783534235  -3.32243359145018E-005 
       5.76441102756892                  0.0038     0.00265186663018557       -33.3725939223197  -3.24416721720725E-005 
       5.81453634085213                  0.0038     0.00315835675343461       -30.5566207945801  -3.17864945398226E-005 
       5.86466165413534                  0.0038     0.00368640970764202       -27.8500238353834  -3.11232960298532E-005 
       5.91478696741855                  0.0038     0.00421446266184945       -25.1434268761867  -3.04600975198837E-005 
       5.96491228070175                  0.0038     0.00468593003710192       -22.7198516451706  -2.98103101620322E-005 
       6.01503759398496                  0.0038     0.00517984500330704       -20.3756477760004  -2.91132168492833E-005 
       6.06516290726817                  0.0038     0.00567375996951215       -18.0314439068303  -2.84161235365345E-005 
       6.11528822055138                  0.0038     0.00611325343844161       -15.9443715582181  -2.77901319628889E-005 
       6.16541353383459                  0.0038     0.00657370722565207       -13.9333730460124  -2.71325634515327E-005 
       6.21553884711779                  0.0038     0.00703416101286252       -11.9223745338067  -2.64749949401766E-005 
         6.265664160401                  0.0038     0.00744470889147609       -10.1212114525102  -2.58812619289923E-005 
       6.31578947368421                  0.0038     0.00787239539919578       -8.41354510590839   -2.5259230129571E-005 
       6.36591478696742                  0.0038     0.00830008190691547       -6.70587875930657  -2.46371983301497E-005 
       6.41604010025063                  0.0038      0.0086848634281578       -5.14632371678041  -2.40733111475491E-005 
       6.46616541353383                  0.0038     0.00908095284624895       -3.71316296231967   -2.3488845515168E-005 
       6.51629072681704                  0.0038     0.00947704226434011       -2.28000220785893  -2.29043798827869E-005 
       6.56641604010025                  0.0038     0.00983914382934068      -0.924034360764155  -2.23685369936242E-005 
       6.61654135338346                  0.0038      0.0102048652129977       0.262782807913437   -2.1823429216142E-005 
       6.66666666666667                  0.0038      0.0105705865966546        1.44959997659103  -2.12783214386599E-005 
       6.71679197994987                  0.0038      0.0109222304729458        2.63394035113703  -2.07541751972034E-005 
       6.76691729323308                  0.0038       0.011249728462529        3.60121086611588   -2.0262349276048E-005 
       6.81704260651629                  0.0038       0.011586576774318        4.56851372500611  -1.97564813424887E-005 
        6.8671679197995                  0.0038       0.011923425086107        5.53581658389633  -1.92506134089293E-005 
       6.91729323308271                  0.0038      0.0122211834073793        6.38041345233148  -1.88024176642606E-005 
       6.96741854636591                  0.0038      0.0125305859136443        7.15356290195132  -1.83360400793185E-005 
       7.01754385964912                  0.0038      0.0128399884199092        7.92671235157114  -1.78696624943764E-005 
       7.06766917293233                  0.0038       0.013124501872439        8.67039616948612  -1.74403795125895E-005 
       7.11779448621554                  0.0038      0.0134081143581917        9.27348213448395  -1.70098191954468E-005 
       7.16791979949875                  0.0038      0.0136917268439444        9.87656809948176   -1.6579258878304E-005 
       7.21804511278195                  0.0038      0.0139753393296971        10.4796540644796  -1.61486985611613E-005 
       7.26817042606516                  0.0038      0.0142242943592007        10.9889532695765  -1.57707381648571E-005 
       7.31829573934837                  0.0038      0.0144833829073873        11.4439536681663  -1.53773839574244E-005 
       7.36842105263158                  0.0038       0.014742471455574        11.8989540667561  -1.49840297499917E-005 
       7.41854636591479                  0.0038      0.0149909212126646        12.3526705396039  -1.46068287590395E-005 
       7.46867167919799                  0.0038      0.0152199730279684        12.6811002539811   -1.4259303963522E-005 
        7.5187969924812                  0.0038      0.0154564947411661        13.0095518750372  -1.39004455981977E-005 
       7.56892230576441                  0.0038      0.0156930164543638        13.3380034960933  -1.35415872328734E-005 
       7.61904761904762                  0.0038      0.0159063587797734        13.6335568214687  -1.32203035179165E-005 
       7.66917293233083                  0.0038       0.016121331461161        13.8531691795477  -1.29032392988153E-005 
       7.71929824561403                  0.0038      0.0163363041425487        14.0727815376266  -1.25861750797142E-005 
       7.76942355889724                  0.0038      0.0165512768239363        14.2923938957056  -1.22691108606131E-005 
       7.81954887218045                  0.0038      0.0167412351419596        14.4664099009254  -1.20060617709239E-005 
       7.86967418546366                  0.0038      0.0169375224475648        14.5961179435364  -1.17531063861221E-005 
       7.91979949874687                  0.0038      0.0171338097531699        14.7258259861474  -1.15001510013203E-005 
       7.96992481203008                  0.0038      0.0173300970587751        14.8555340287585  -1.12471956165185E-005 
       8.02005012531328                  0.0038      0.0175003296334047        14.9396913051986  -1.10721583543816E-005 
       8.07017543859649                  0.0038      0.0176780035151173        14.9962819515741  -1.09192007583125E-005 
        8.1203007518797                  0.0038      0.0178556773968299        15.0528725979496  -1.07662431622434E-005 
       8.17042606516291                  0.0038      0.0180333512785425        15.1094632443251  -1.06132855661742E-005 
       8.22055137844611                  0.0038      0.0181864860778186        15.1243597238237  -1.04061110695911E-005 
       8.27067669172932                  0.0038      0.0183469286482273        15.1165733288349  -1.01438821683806E-005 
       8.32080200501253                  0.0038      0.0185073712186361        15.1087869338462  -9.88165326717014E-006 
       8.37092731829574                  0.0038      0.0186678137890449        15.1010005388574  -9.61942436595969E-006 
       8.42105263157895                  0.0038      0.0188076854778711        15.0651252190798  -9.34593380141812E-006 
       8.47117794486216                  0.0038      0.0189540635102336        15.0088351534427  -9.02318794456486E-006 
       8.52130325814536                  0.0038      0.0191004415425962        14.9525450878055  -8.70044208771162E-006 
       8.57142857142857                  0.0038      0.0192468195749588        14.8962550221683  -8.37769623085837E-006 
       8.62155388471178                  0.0038      0.0193758189529906        14.8248769647504   -8.1308166785186E-006 
       8.67167919799499                  0.0038      0.0195081538088383         14.732230602878  -7.93987032032384E-006 
        8.7218045112782                  0.0038      0.0196404886646861        14.6395842410056  -7.74892396212908E-006 
        8.7719298245614                  0.0038      0.0197728235205338        14.5469378791331  -7.55797760393432E-006 
       8.82205513784461                  0.0038      0.0198925802630618        14.4498668870835   -7.3863215077613E-006 
       8.87218045112782                  0.0038      0.0200127065319747        14.3283167629071  -7.22341598400654E-006 
       8.92230576441103                  0.0038      0.0201328328008876        14.2067666387307  -7.06051046025178E-006 
       8.97243107769424                  0.0038      0.0202529590698004        14.0852165145544  -6.89760493649703E-006 
       9.02255639097744                  0.0038      0.0203730853387133         13.963666390378  -6.73469941274227E-006 
       9.07268170426065                  0.0038       0.020474344800183        13.8261622989761  -6.59990131610206E-006 
       9.12280701754386                  0.0038      0.0205831885016291        13.6844485139916  -6.45567429683387E-006 
       9.17293233082707                  0.0038      0.0206920322030752        13.5427347290071  -6.31144727756569E-006 
       9.22305764411028                  0.0038      0.0208008759045212        13.4010209440225  -6.16722025829751E-006 
       9.27318295739348                  0.0038      0.0208971941358003        13.2548636857555  -6.04071676810902E-006 
       9.32330827067669                  0.0038      0.0209959369581888        13.0995625231623  -5.91387946994487E-006 
        9.3734335839599                  0.0038      0.0210946797805773        12.9442613605691  -5.78704217178072E-006 
       9.42355889724311                  0.0038      0.0211934226029658        12.7889601979758  -5.66020487361657E-006 
       9.47368421052632                  0.0038      0.0212921654253543        12.6336590353826  -5.53336757545242E-006 
       9.52380952380952                  0.0038      0.0213754095356568        12.4727029149007  -5.42931011590001E-006 
       9.57393483709273                  0.0038      0.0214650021569788        12.3099431940843  -5.31826481579431E-006 
       9.62406015037594                  0.0038      0.0215545947783008         12.147183473268  -5.20721951568861E-006 
       9.67418546365915                  0.0038      0.0216441873996228        11.9844237524516  -5.09617421558291E-006 
       9.72431077694235                  0.0038      0.0217257070964776        11.8214353738741   -4.9953079865411E-006 
       9.77443609022556                  0.0038      0.0218066004888139        11.6559085009761  -4.89930376199798E-006 
       9.82456140350877                  0.0038      0.0218880455267553        11.4903819276946  -4.80264484481543E-006 
       9.87468671679198                  0.0038      0.0219694905646967        11.3248553544131  -4.70598592763289E-006 
       9.92481203007519                  0.0038      0.0220509356026381        11.1593287811316  -4.60932701045034E-006 
       9.97493734335839                  0.0038       0.022122817381098        10.9941519239063  -4.52501827803488E-006 
       10.0250626566416                  0.0038      0.0221969822491755        10.8298233745487  -4.44106031863308E-006 
       10.0751879699248                  0.0038      0.0222711471172529        10.6654948251911  -4.35710235923127E-006 
        10.125313283208                  0.0038      0.0223453119853304        10.5011662758335  -4.27314439982947E-006 
       10.1754385964912                  0.0038      0.0224194768534078        10.3368377264758  -4.18918644042766E-006 
       10.2255639097744                  0.0038      0.0224841584932445         10.174185275728  -4.11722425570595E-006 
       10.2756892230576                  0.0038      0.0225518583743656        10.0140905728106  -4.04421905667305E-006 
       10.3258145363409                  0.0038      0.0226195582554867        9.85399586989311  -3.97121385764016E-006 
       10.3759398496241                  0.0038      0.0226872581366077        9.69390116697565  -3.89820865860726E-006 
       10.4260651629073                  0.0038      0.0227549580177288         9.5338064640582  -3.82520345957437E-006 
       10.4761904761905                  0.0038      0.0228139732000616        9.37624573022241  -3.76263223331626E-006 
       10.5263157894737                  0.0038      0.0228758951521644        9.22277018100498  -3.69907443756419E-006 
       10.5764411027569                  0.0038      0.0229378171042672        9.06929463178754  -3.63551664181211E-006 
       10.6265664160401                  0.0038        0.02299973905637        8.91581908257011  -3.57195884606003E-006 
       10.6766917293233                  0.0038      0.0230616610084729        8.76234353335266  -3.50840105030795E-006 
       10.7268170426065                  0.0038      0.0231162220151618        8.61099477922201  -3.45296547968435E-006 
       10.7769423558897                  0.0038      0.0231730024046511        8.46596322587656  -3.39751999376283E-006 
       10.8270676691729                  0.0038      0.0232297827941403        8.32093167253111  -3.34207450784131E-006 
       10.8771929824561                  0.0038      0.0232865631836296        8.17590011918566  -3.28662902191978E-006 
       10.9273182957393                  0.0038      0.0233433435731189        8.03086856584021  -3.23118353599826E-006 
       10.9774436090226                  0.0038      0.0233971821241315        7.88583970924236  -3.17861091442633E-006 
       11.0275689223058                  0.0038      0.0234465883701055        7.75047536659568  -3.13273664930076E-006 
        11.077694235589                  0.0038      0.0234987524501064        7.61510951834674  -3.08430170370199E-006 
       11.1278195488722                  0.0038      0.0235509165301073         7.4797436700978  -3.03586675810321E-006 
       11.1779448621554                  0.0038      0.0236030806101082        7.34437782184886  -2.98743181250444E-006 
       11.2280701754386                  0.0038      0.0236552446901091        7.20901197359992  -2.93899686690567E-006 
       11.2781954887218                  0.0038      0.0236994794542092         7.0802953850818  -2.89935397777182E-006 
        11.328320802005                  0.0038      0.0237475450131004        6.95555628809938  -2.85722746009458E-006 
       11.3784461152882                  0.0038      0.0237956105719916        6.83081719111696  -2.81510094241734E-006 
       11.4285714285714                  0.0038      0.0238436761308828        6.70607809413454   -2.7729744247401E-006 
       11.4786967418546                  0.0038       0.023891741689774        6.58133899715212  -2.73084790706286E-006 
       11.5288220551378                  0.0038      0.0239342834548665        6.45796394563578  -2.69372369413578E-006 
       11.5789473684211                  0.0038      0.0239786703728683        6.34415447586141  -2.65715673500142E-006 
       11.6290726817043                  0.0038      0.0240230572908701        6.23034500608705  -2.62058977586706E-006 
       11.6791979949875                  0.0038      0.0240674442088719        6.11653553631268   -2.5840228167327E-006 
       11.7293233082707                  0.0038      0.0241118311268737        6.00272606653831  -2.54745585759834E-006 
       11.7794486215539                  0.0038      0.0241562180448755        5.88891659676393  -2.51088889846398E-006 
       11.8295739348371                  0.0038      0.0241942102103178        5.78068447155878  -2.48056681141866E-006 
       11.8796992481203                  0.0038      0.0242353663031324        5.67814764293058  -2.44889362227511E-006 
       11.9298245614035                  0.0038      0.0242765223959469        5.57561081430239  -2.41722043313155E-006 
       11.9799498746867                  0.0038      0.0243176784887615        5.47307398567419    -2.385547243988E-006 
       12.0300751879699                  0.0038       0.024358834581576        5.37053715704599  -2.35387405484445E-006 
       12.0802005012531                  0.0038      0.0243999906743906        5.26800032841779  -2.32220086570089E-006 
       12.1303258145363                  0.0038      0.0244344497551915        5.17338778308842  -2.29692503714863E-006 
       12.1804511278195                  0.0038      0.0244726829183688         5.0816678809561  -2.26934606136858E-006 
       12.2305764411028                  0.0038      0.0245109160815461        4.98994797882378  -2.24176708558854E-006 
        12.280701754386                  0.0038      0.0245491492447234        4.89822807669145  -2.21418810980849E-006 
       12.3308270676692                  0.0038      0.0245873824079007        4.80650817455914  -2.18660913402845E-006 
       12.3809523809524                  0.0038      0.0246256155710779        4.71478827242681   -2.1590301582484E-006 
       12.4310776942356                  0.0038      0.0246573871070937        4.63215207457641  -2.13744645815561E-006 
       12.4812030075188                  0.0038      0.0246930823507364        4.55130885723968  -2.11341936627509E-006 
        12.531328320802                  0.0038       0.024728777594379        4.47046563990295  -2.08939227439458E-006 
       12.5814536340852                  0.0038      0.0247644728380217        4.38962242256621  -2.06536518251407E-006 
       12.6315789473684                  0.0038      0.0248001680816643        4.30877920522948  -2.04133809063355E-006 
       12.6817042606516                  0.0038       0.024835863325307        4.22793598789275  -2.01731099875304E-006 
       12.7318295739348                  0.0038      0.0248655179688946        4.15492484470634  -1.99830630458546E-006 
        12.781954887218                  0.0038      0.0248988468358094        4.08388043293529  -1.97716807774472E-006 
       12.8320802005013                  0.0038      0.0249321757027242        4.01283602116424  -1.95602985090398E-006 
       12.8822055137845                  0.0038       0.024965504569639        3.94179160939319  -1.93489162406324E-006 
       12.9323308270677                  0.0038      0.0249988334365538        3.87074719762214  -1.91375339722251E-006 
       12.9824561403509                  0.0038      0.0250321623034686        3.79970278585109  -1.89261517038177E-006 
       13.0325814536341                  0.0038      0.0250602683921096        3.73485170535064  -1.87550765215844E-006 
       13.0827067669173                  0.0038      0.0250915952988171        3.67376814017179  -1.85692417854397E-006 
       13.1328320802005                  0.0038      0.0251229222055246        3.61268457499296   -1.8383407049295E-006 
       13.1829573934837                  0.0038      0.0251542491122321        3.55160100981412  -1.81975723131503E-006 
       13.2330827067669                  0.0038      0.0251855760189396        3.49051744463528  -1.80117375770056E-006 
       13.2832080200501                  0.0038      0.0252169029256472        3.42943387945644  -1.78259028408608E-006 
       13.3333333333333                  0.0038      0.0252438166645543        3.37080041952817  -1.76688589534736E-006 
       13.3834586466165                  0.0038      0.0252731627285373        3.31790557930041  -1.75058914210618E-006 
       13.4335839598998                  0.0038      0.0253025087925203        3.26501073907266  -1.73429238886499E-006 
        13.483709273183                  0.0038      0.0253318548565033         3.2121158988449  -1.71799563562381E-006 
       13.5338345864662                  0.0038      0.0253612009204863        3.15922105861714  -1.70169888238262E-006 
       13.5839598997494                  0.0038      0.0253905469844693        3.10632621838939  -1.68540212914143E-006 
       13.6340852130326                  0.0038      0.0254198930484523        3.05343137816163  -1.66910537590025E-006 
       13.6842105263158                  0.0038      0.0254442855488224        3.00790763928047  -1.65640009604512E-006 
        13.734335839599                  0.0038       0.025472099043131        2.96391162433057  -1.64205690075195E-006 
       13.7844611528822                  0.0038      0.0254999125374397        2.91991560938067  -1.62771370545877E-006 
       13.8345864661654                  0.0038      0.0255277260317483        2.87591959443077   -1.6133705101656E-006 
       13.8847117794486                  0.0038       0.025555539526057        2.83192357948087  -1.59902731487243E-006 
       13.9348370927318                  0.0038      0.0255833530203656        2.78792756453097  -1.58468411957925E-006 
        13.984962406015                  0.0038      0.0256072568121127        2.74517567252236  -1.57252236488028E-006 
       14.0350877192982                  0.0038      0.0256333458661082        2.70723554236628  -1.56026496370675E-006 
       14.0852130325815                  0.0038      0.0256594349201038         2.6692954122102  -1.54800756253322E-006 
       14.1353383458647                  0.0038      0.0256855239740994        2.63135528205412  -1.53575016135969E-006 
       14.1854636591479                  0.0038      0.0257116130280949        2.59341515189804  -1.52349276018616E-006 
       14.2355889724311                  0.0038      0.0257377020820905        2.55547502174196  -1.51123535901263E-006 
       14.2857142857143                  0.0038       0.025763791136086        2.51753489158588  -1.49897795783909E-006 
       14.3358395989975                  0.0038      0.0257859764724249        2.48300355245872  -1.48909054793119E-006 
       14.3859649122807                  0.0038      0.0258110076400789        2.45304201696598   -1.4788261713438E-006 
       14.4360902255639                  0.0038      0.0258360388077328        2.42308048147324  -1.46856179475642E-006 
       14.4862155388471                  0.0038      0.0258610699753867         2.3931189459805  -1.45829741816903E-006 
       14.5363408521303                  0.0038      0.0258861011430407        2.36315741048777  -1.44803304158164E-006 
       14.5864661654135                  0.0038      0.0259111323106946        2.33319587499503  -1.43776866499426E-006 
       14.6365914786967                  0.0038      0.0259361634783485        2.30323433950229  -1.42750428840687E-006 
         14.68671679198                  0.0038      0.0259570797743735        2.27508776708864  -1.41932092843405E-006 
       14.7368421052632                  0.0038       0.025980551785599        2.24883221505463   -1.4106348669834E-006 
       14.7869674185464                  0.0038      0.0260040237968246        2.22257666302062  -1.40194880553275E-006 
       14.8370927318296                  0.0038      0.0260274958080501        2.19632111098661   -1.3932627440821E-006 
       14.8872180451128                  0.0038      0.0260509678192756         2.1700655589526  -1.38457668263145E-006 
        14.937343358396                  0.0038      0.0260744398305011        2.14381000691859   -1.3758906211808E-006 
       14.9874686716792                  0.0038      0.0260979118417267        2.11755445488458  -1.36720455973015E-006 
       15.0375939849624                  0.0038      0.0261178010651784        2.09390238636185  -1.36088091852506E-006 
       15.0877192982456                  0.0038       0.026140450743765         2.0743272486847  -1.35576514979285E-006 
       15.1378446115288                  0.0038      0.0261631004223515        2.05475211100754  -1.35064938106064E-006 
        15.187969924812                  0.0038      0.0261857501009381        2.03517697333039  -1.34553361232843E-006 
       15.2380952380952                  0.0038      0.0262083997795247        2.01560183565323  -1.34041784359622E-006 
       15.2882205513784                  0.0038      0.0262310494581113        1.99602669797608  -1.33530207486401E-006 
       15.3383458646617                  0.0038      0.0262536991366979        1.97645156029892   -1.3301863061318E-006 
       15.3884711779449                  0.0038      0.0262732621865715        1.95688552272628  -1.32585945948174E-006 
       15.4385964912281                  0.0038      0.0262942952742177        1.93737441202076  -1.32259373838181E-006 
       15.4887218045113                  0.0038      0.0263155885976326        1.91786501044869  -1.31928761154331E-006 
       15.5388471177945                  0.0038      0.0263368819210475        1.89835560887663   -1.3159814847048E-006 
       15.5889724310777                  0.0038      0.0263581752444624        1.87884620730456   -1.3126753578663E-006 
       15.6390977443609                  0.0038      0.0263794685678773        1.85933680573249  -1.30936923102779E-006 
       15.6892230576441                  0.0038      0.0264007618912922        1.83982740416042  -1.30606310418929E-006 
       15.7393483709273                  0.0038      0.0264220552147071        1.82031800258835  -1.30275697735079E-006 
       15.7894736842105                  0.0038      0.0264398239206721        1.80673458043424  -1.30373572947664E-006 
       15.8395989974937                  0.0038      0.0264605135794087        1.79586973179211  -1.30665395266504E-006 
       15.8897243107769                  0.0038      0.0264812032381452        1.78500488314997  -1.30957217585345E-006 
       15.9398496240602                  0.0038      0.0265018928968818        1.77414003450783  -1.31249039904185E-006 
       15.9899749373434                  0.0038      0.0265225825556183        1.76327518586569  -1.31540862223025E-006 
       16.0401002506266                  0.0038      0.0265432722143549        1.75241033722355  -1.31832684541866E-006 
       16.0902255639098                  0.0038      0.0265639618730915        1.74154548858142  -1.32124506860706E-006 
        16.140350877193                  0.0038       0.026582310663098         1.7301844174674  -1.32349766885623E-006 
       16.1904761904762                  0.0038      0.0266011499467552        1.71238887910418   -1.3172891296331E-006 
       16.2406015037594                  0.0038      0.0266207830811917        1.69460633608507  -1.31081897463993E-006 
       16.2907268170426                  0.0038      0.0266404162156283        1.67682379306597  -1.30434881964675E-006 
       16.3408521303258                  0.0038      0.0266600493500648        1.65904125004687  -1.29787866465357E-006 
        16.390977443609                  0.0038      0.0266796824845013        1.64125870702777   -1.2914085096604E-006 
       16.4411027568922                  0.0038      0.0266993156189379        1.62347616400867  -1.28493835466722E-006 
       16.4912280701754                  0.0038      0.0267189487533744        1.60569362098956  -1.27846819967404E-006 
       16.5413533834586                  0.0038      0.0267355860782039        1.59216936119534  -1.27320980313373E-006 
       16.5914786967419                  0.0038      0.0267554792128174        1.58943992538702  -1.26775748245359E-006 
       16.6416040100251                  0.0038      0.0267753723474309        1.58671048957871  -1.26230516177346E-006 
       16.6917293233083                  0.0038      0.0267952654820444        1.58398105377039  -1.25685284109332E-006 
       16.7418546365915                  0.0038      0.0268151586166578        1.58125161796207  -1.25140052041319E-006 
       16.7919799498747                  0.0038      0.0268350517512713        1.57852218215375  -1.24594819973305E-006 
       16.8421052631579                  0.0038      0.0268549448858848        1.57579274634544  -1.24049587905291E-006 
       16.8922305764411                  0.0038      0.0268748380204982        1.57306331053712  -1.23504355837278E-006 
       16.9423558897243                  0.0038      0.0268910249452901        1.56383107710898  -1.23094849817593E-006 
       16.9924812030075                  0.0038      0.0269085295700388        1.54008415326307   -1.2276483379175E-006 
       17.0426065162907                  0.0038      0.0269260341947875        1.51633722941716  -1.22434817765908E-006 
       17.0927318295739                  0.0038      0.0269435388195362        1.49259030557125  -1.22104801740065E-006 
       17.1428571428571                  0.0038      0.0269610434442849        1.46884338172534  -1.21774785714223E-006 
       17.1929824561403                  0.0038      0.0269785480690336        1.44509645787943   -1.2144476968838E-006 
       17.2431077694236                  0.0038      0.0269960526937823        1.42134953403352  -1.21114753662538E-006 
       17.2932330827068                  0.0038       0.027013557318531        1.39760261018761  -1.20784737636695E-006 
         17.34335839599                  0.0038      0.0270285592930631        1.37848627225076  -1.20507338766809E-006 
       17.3934837092732                  0.0038      0.0270485646543643        1.38595270735019  -1.20203142715258E-006 
       17.4436090225564                  0.0038      0.0270687398959251        1.39340990588487  -1.19896363510949E-006 
       17.4937343358396                  0.0038      0.0270889151374858        1.40086710441955   -1.1958958430664E-006 
       17.5438596491228                  0.0038      0.0271090903790466        1.40832430295423  -1.19282805102332E-006 
        17.593984962406                  0.0038      0.0271292656206074        1.41578150148892  -1.18976025898023E-006 
       17.6441102756892                  0.0038      0.0271494408621682         1.4232387000236  -1.18669246693715E-006 
       17.6942355889724                  0.0038       0.027169616103729        1.43069589855828  -1.18362467489406E-006 
       17.7443609022556                  0.0038      0.0271897913452898        1.43815309709296  -1.18055688285097E-006 
       17.7944862155388                  0.0038         0.0272027360215        1.40054777952845  -1.17795404100872E-006 
       17.8446115288221                  0.0038       0.027217467801777        1.35143043910417  -1.17482190845364E-006 
       17.8947368421053                  0.0038       0.027232199582054        1.30231309867988  -1.17168977589856E-006 
       17.9448621553885                  0.0038       0.027246931362331        1.25319575825559  -1.16855764334348E-006 
       17.9949874686717                  0.0038      0.0272616631426079         1.2040784178313   -1.1654255107884E-006 
       18.0451127819549                  0.0038      0.0272763949228849        1.15496107740702  -1.16229337823332E-006 
       18.0952380952381                  0.0038      0.0272911267031619        1.10584373698274  -1.15916124567824E-006 
       18.1453634085213                  0.0038      0.0273058584834389        1.05672639655845  -1.15602911312316E-006 
       18.1954887218045                  0.0038      0.0273194260598413        1.02845468470914  -1.15989497652208E-006 
       18.2456140350877                  0.0038      0.0273425162925014        1.06331039324061   -1.1969095317358E-006 
       18.2957393483709                  0.0038      0.0273656065251615        1.09816610177208  -1.23392408694951E-006 
       18.3458646616541                  0.0038      0.0273886967578216        1.13302181030355  -1.27093864216323E-006 
       18.3959899749373                  0.0038      0.0274117869904817        1.16787751883503  -1.30795319737695E-006 
       18.4461152882206                  0.0038      0.0274348772231418         1.2027332273665  -1.34496775259066E-006 
       18.4962406015038                  0.0038      0.0274579674558019        1.23758893589797  -1.38198230780438E-006 
        18.546365914787                  0.0038       0.027481057688462        1.27244464442944   -1.4189968630181E-006 
       18.5964912280702                  0.0038      0.0275041479211222        1.30730035296091  -1.45601141823181E-006 
       18.6466165413534                  0.0038       0.027518680841785        1.26813228139994  -1.42682239976192E-006 
       18.6967418546366                  0.0038      0.0275307219424401        1.15474391683885  -1.31812793684422E-006 
       18.7468671679198                  0.0038      0.0275427630430951        1.04135555227777  -1.20943347392653E-006 
        18.796992481203                  0.0038      0.0275548041437501       0.927967187716682  -1.10073901100884E-006 
       18.8471177944862                  0.0038      0.0275668452444051       0.814578823155589  -9.92044548091135E-007 
       18.8972431077694                  0.0038      0.0275788863450601       0.701190458594505  -8.83350085173442E-007 
       18.9473684210526                  0.0038      0.0275909274457151       0.587802094033421   -7.7465562225575E-007 
       18.9974937343358                  0.0038      0.0276029685463701       0.474413729472328   -6.6596115933805E-007 
        19.047619047619                  0.0038      0.0276150096470252       0.361025364911244  -5.57266696420357E-007 
       19.0977443609023                  0.0038      0.0276281005783836        0.34874817644071  -5.87619545086859E-007 
       19.1478696741855                  0.0038      0.0276471920096278       0.420853235089481  -7.42629407351013E-007 
       19.1979949874687                  0.0038      0.0276662834408719       0.492958293738257  -8.97639269615178E-007 
       19.2481203007519                  0.0038      0.0276853748721161       0.565063352387028  -1.05264913187933E-006 
       19.2982456140351                  0.0038      0.0277044663033603       0.637168411035805   -1.2076589941435E-006 
       19.3483709273183                  0.0038      0.0277235577346045       0.709273469684576  -1.36266885640765E-006 
       19.3984962406015                  0.0038      0.0277426491658486       0.781378528333347   -1.5176787186718E-006 
       19.4486215538847                  0.0038      0.0277617405970928       0.853483586982118  -1.67268858093596E-006 
       19.4987468671679                  0.0038       0.027780832028337       0.925588645630894  -1.82769844320012E-006 
       19.5488721804511                  0.0038      0.0278206420663093       0.950907846028417  -2.00009607564666E-006 
       19.5989974937343                  0.0038      0.0279240230323122       0.847466241583214  -2.31425106463142E-006 
       19.6491228070175                  0.0038      0.0280274039983152       0.744024637138027  -2.62840605361614E-006 
       19.6992481203008                  0.0038      0.0281307849643181       0.640583032692825   -2.9425610426009E-006 
        19.749373433584                  0.0038      0.0282341659303211        0.53714142824763  -3.25671603158564E-006 
       19.7994987468672                  0.0038      0.0283375468963241       0.433699823802428  -3.57087102057041E-006 
       19.8496240601504                  0.0038       0.028440927862327       0.330258219357233  -3.88502600955515E-006 
       19.8997493734336                  0.0038        0.02854430882833       0.226816614912038  -4.19918099853989E-006 
       19.9498746867168                  0.0038      0.0286476897943329       0.123375010466843  -4.51333598752463E-006 
                     20                  0.0038      0.0287415191576654       0.039179789902579  -4.79846548228405E-006 
