                      0                       0  -2.21568680107686E-018       -773.228088378906   8.18867582826939E-019 
      0.050125313283208                       0  -2.28999346898904E-018        -773.16618345744    -4.422109717413E-018 
      0.100250626566416                       0   1.38055594657321E-016       -773.047779233167  -1.72525130569275E-017 
      0.150375939849624                       0   5.99414373445354E-016        -773.20221888147  -2.95516985150378E-017 
      0.200501253132832                       0   1.05447679211592E-015       -773.858493872571  -2.78413990593828E-017 
       0.25062656641604                       0   1.43210791423513E-015       -774.946983906366  -1.71198917580289E-017 
      0.300751879699248                       0   1.61734264317231E-015        -776.18204276176  -4.21908164992129E-018 
      0.350877192982456                       0   1.62219052298547E-015       -777.304512691529   2.74696042286562E-018 
      0.401002506265664                       0   1.49683381233869E-015       -778.180349826324    8.7204672521935E-018 
      0.451127819548872                       0   1.36160783440029E-015       -778.808322407707   9.76777866687982E-018 
       0.50125313283208                       0   1.21935236850092E-015       -779.241601949345   8.82332579593418E-018 
      0.551378446115288                       0   1.05308940160514E-015       -779.554623979048   4.67010630981812E-018 
      0.601503759398496                       0   1.00387712671947E-015       -779.827324695915   8.55024483390741E-019 
      0.651629072681704                       0   1.00224564994161E-015       -780.134012164829  -1.12364696443113E-018 
      0.701754385964912                       0   1.04963027417175E-015       -780.537955570409  -4.37056608296314E-018 
       0.75187969924812                       0   1.13879413158351E-015       -781.075724751305  -5.15308409586098E-018 
      0.802005012531328                       0   1.21373282644568E-015       -781.740699465243  -2.63498854225164E-018 
      0.852130325814536                       0   1.22681075011628E-015       -782.497103222939  -7.18927218996295E-019 
      0.902255639097744                       0   1.20583549967979E-015       -783.304564466229   1.89304444120315E-018 
      0.952380952380952                       0   1.17914844170169E-015        -784.16706162213   2.19691704530469E-018 
       1.00250626566416                       0   1.11742280667902E-015       -785.161204563288   2.79831159741092E-018 
       1.05263157894737                       0   1.07197800407865E-015       -786.340279921815   3.89360845856505E-018 
       1.10275689223058                       0   9.18434700035438E-016       -787.784958275371   8.04809419848157E-018 
       1.15288220551378                       0   7.88523188077294E-016       -789.575052307288    1.1242646449572E-017 
       1.20300751879699                       0   6.08122687026837E-016       -791.736547435173   1.52469779861748E-017 
        1.2531328320802                       0   4.37637315935591E-017       -794.314021931068   2.58902490065933E-017 
       1.30325814536341                       0  -3.63146561380407E-016       -797.349439015504   3.15332010703503E-017 
       1.35338345864662                       0   -8.6008930720834E-016       -800.718250465441   3.74028587621954E-017 
       1.40350877192982                       0  -1.44371991653954E-015       -804.297665108597   4.25542276167975E-017 
       1.45363408521303                       0  -2.10215482949458E-015       -807.921624334108   4.62843909194061E-017 
       1.50375939849624                       0  -2.81873168510429E-015       -811.404766029706   4.86300856544571E-017 
       1.55388471177945                       0  -3.57109120302489E-015       -814.544298109603   4.94568827251517E-017 
       1.60401002506266                       0   -4.3392647977732E-015       -817.193683939923   4.88574042343258E-017 
       1.65413533834586                       0  -5.09905490727282E-015       -819.174129459025   4.70645718476728E-017 
       1.70426065162907                       0  -5.83972642346614E-015       -820.474529511802    4.5350518887908E-017 
       1.75438596491228                       0  -6.54464981546161E-015       -821.064323042504   4.42943266677296E-017 
       1.80451127819549                       0  -7.19926706852175E-015       -820.747240148961   4.12118982356878E-017 
        1.8546365914787                       0  -7.81924392110323E-015       -819.676163217405   3.57926977901498E-017 
        1.9047619047619                       0  -8.39151253112853E-015       -817.896912845989    3.1409091309871E-017 
       1.95488721804511                       0  -8.91444436483011E-015       -815.387325879525    2.8410107969677E-017 
       2.00501253132832                       0   -9.3961087261007E-015       -812.186327668876   2.55543444403056E-017 
       2.05513784461153                       0  -9.83366389115541E-015       -808.345299622473   2.29357879336243E-017 
       2.10526315789474                       0  -1.02324774794669E-014       -803.889112981706   2.05544481265871E-017 
       2.15538847117795                       0  -1.02038149788318E-014       -798.790587872021   2.04968724433115E-017 
       2.20551378446115                       0  -1.05628219363317E-014       -793.057971290651   1.82542859949907E-017 
       2.25563909774436                       0  -1.08851418135361E-014       -786.813528550045   1.61625768853542E-017 
       2.30576441102757                       0  -1.11715170496181E-014       -780.089521230576   1.41952557009386E-017 
       2.35588972431078                       0  -1.14231451706347E-014       -772.916324598897   1.23538922121584E-017 
       2.40601503759398                       0  -1.13906935486908E-014       -765.169811165601   1.23187964628165E-017 
       2.45614035087719                       0  -1.16074565816922E-014       -756.988273366936   1.05549782167016E-017 
        2.5062656641604                       0  -1.17899522949728E-014       -748.445787179303     8.862395647057E-018 
       2.55639097744361                       0  -1.17561700276768E-014       -739.552105613676   8.83700183619656E-018 
       2.60651629072682                       0  -1.19047091676968E-014       -730.152557528969   7.27161471319352E-018 
       2.65664160401002                       0  -1.20202410606847E-014       -720.470925493584   5.72891581205886E-018 
       2.70676691729323                       0  -1.21009611343933E-014       -710.527463056599   4.16968915391513E-018 
       2.75689223057644                       0  -1.20658859710186E-014       -700.159258764527   4.15760312812999E-018 
       2.80701754385965                       0  -1.21105613832296E-014       -689.553625592114    2.6423832155694E-018 
       2.85714285714286                       0  -1.21193910114904E-014        -678.75554709682   1.18780151089306E-018 
       2.90726817042607                       0  -1.20839538086749E-014       -667.596304677274   1.18432836913155E-018 
       2.95739348370927                       0  -1.20574491742633E-014       -656.285127089281  -1.58167571126077E-019 
       3.00751879699248                       0  -1.20219863656574E-014       -644.796702328055  -1.57702376023742E-019 
       3.05764411027569                       0  -1.19610282660653E-014       -633.063159622202  -1.40977934126485E-018 
        3.1077694235589                       0  -1.18650085246338E-014       -621.237687664883  -2.65184575740418E-018 
       3.15789473684211                       0  -1.18298006562041E-014       -609.221579546205  -2.64397675028727E-018 
       3.20802005012531                       0  -1.16983515447111E-014       -597.107085881285  -3.85416882643296E-018 
       3.25814536340852                       0  -1.16634308497105E-014        -584.90247845739  -3.84266376492455E-018 
       3.30827067669173                       0  -1.14969500882753E-014       -572.588843073747  -4.98751958586893E-018 
       3.35839598997494                       0  -1.12954902763379E-014       -560.244857082791  -6.06256535751838E-018 
       3.40852130325815                       0  -1.12614678282415E-014       -547.821698830095   -6.0443046791272E-018 
       3.45864661654135                       0  -1.10265753301788E-014       -535.392167704261  -7.02514477296875E-018 
       3.50877192982456                       0  -1.09931616745596E-014        -522.94084582029  -7.00385658864223E-018 
       3.55889724310777                       0  -1.07262709147007E-014       -510.498369851712  -7.90668024514783E-018 
       3.60902255639098                       0  -1.06935688320356E-014       -498.070477597194  -7.88257448527665E-018 
       3.65914786967419                       0  -1.03954943341567E-014       -485.680075681564  -8.72556871974504E-018 
       3.70927318295739                       0  -1.03636063612183E-014       -473.329413597334  -8.69880321054813E-018 
        3.7593984962406                       0  -1.00353466016594E-014        -461.05107297844   -9.4667746524118E-018 
       3.80952380952381                       0   -1.0004372917602E-014       -448.832166869507  -9.43755584226352E-018 
       3.85964912280702                       0  -9.64744954982438E-015       -436.717588888813  -1.01248147194099E-017 
       3.90977443609023                       0  -9.61748865175848E-015       -424.682708910862  -1.00933713270213E-017 
       3.95989974937343                       0  -9.23360545081257E-015        -412.77494265522  -1.06898128702244E-017 
       4.01002506265664                       0  -9.20475044116152E-015       -400.976152347492   -1.0656407213552E-017 
       4.06015037593985                       0  -8.79634768079189E-015       -389.308381043456  -1.11491530238298E-017 
       4.11027568922306                       0  -8.76868634003873E-015       -377.793001589067  -1.11140929588924E-017 
       4.16040100250627                       0  -8.33830593989723E-015       -366.387886384543  -1.15199716985683E-017 
       4.21052631578947                       0  -8.31191883256816E-015       -355.199269718275  -1.14835160045905E-017 
       4.26065162907268                       0  -7.86181612401458E-015       -344.070976127785  -1.18026842146364E-017 
       4.31077694235589                       0   -7.8367785737194E-015       -333.253057130595  -1.17650961694595E-017 
        4.3609022556391                       0  -7.81174102342421E-015       -322.435138133405  -1.17275081242826E-017 
       4.41102756892231                       0  -7.34603832300254E-015          -311.998757089   -1.1955999142336E-017 
       4.46115288220551                       0  -7.32241769586424E-015       -301.588047794309  -1.19175555370362E-017 
       4.51127819548872                       0  -6.84231333381156E-015       -291.467917080175  -1.20677218359889E-017 
       4.56140350877193                       0    -6.820169836919E-015       -281.498179896007  -1.20286675647303E-017 
       4.61152882205514                       0  -6.32832277451479E-015         -271.6820654568  -1.20949607115922E-017 
       4.66165413533835                       0  -6.30770932600635E-015       -262.181446768738  -1.20555634085905E-017 
       4.71177944862155                       0  -6.28709587749792E-015       -252.680828080675  -1.20161661055889E-017 
       4.76190476190476                       0  -5.78810871818154E-015       -243.643574849045  -1.20022879509403E-017 
       4.81203007518797                       0  -5.76906876417287E-015       -234.635230971815  -1.19628064861456E-017 
       4.86215538847118                       0  -5.26415134466609E-015       -225.882031789628  -1.18793596851744E-017 
       4.91228070175439                       0  -5.24672059200455E-015       -217.384933484249  -1.18400245356142E-017 
       4.96240601503759                       0  -5.22928983934301E-015        -208.88783517887  -1.18006893860541E-017 
        5.0125313283208                       0  -4.72285797848401E-015       -200.915047545765  -1.16493281251117E-017 
       5.06265664160401                       0  -4.70706235261977E-015       -192.942505926171  -1.16103668797233E-017 
       5.11278195488722                       0  -4.20038006361225E-015       -185.205039298474  -1.13967373138237E-017 
       5.16290726817043                       0  -4.18623735589589E-015       -177.765147636361  -1.13583644232023E-017 
       5.21303258145363                       0  -4.17209464817954E-015       -170.325255974248  -1.13199915325808E-017 
       5.26315789473684                       0  -3.66950177361563E-015       -163.326106610806  -1.10534590551266E-017 
       5.31328320802005                       0  -3.65702054681183E-015       -156.421690496343   -1.1015862471736E-017 
       5.36340852130326                       0  -3.15943625101198E-015       -149.593831590503  -1.06986085732296E-017 
       5.41353383458647                       0  -3.14861619177715E-015       -143.223335331507  -1.06619692587141E-017 
       5.46365914786967                       0  -3.13779613254232E-015       -136.852839072511  -1.06253299441986E-017 
       5.51378446115288                       0  -2.64941093905216E-015       -130.693596030837  -1.02627259197531E-017 
       5.56390977443609                       0   -2.6402434805178E-015       -124.850192999926  -1.02272149641169E-017 
        5.6140350877193                       0  -2.63107602198344E-015       -119.006789969016  -1.01917040084806E-017 
       5.66416040100251                       0  -2.15420973301139E-015       -113.469995900086  -9.79339378473889E-018 
       5.71428571428571                       0  -2.14667754421542E-015       -108.142928380295  -9.75915120853589E-018 
       5.76441102756892                       0  -2.13914535541945E-015       -102.815860860504  -9.72490863233288E-018 
       5.81453634085213                       0  -1.67589066621681E-015       -97.8501582778792  -9.29530142658146E-018 
       5.86466165413534                       0  -1.66996874221493E-015       -93.0243187829973  -9.26245556752131E-018 
       5.91478696741855                       0  -1.66404681821305E-015       -88.1984792881153  -9.22960970846115E-018 
       5.96491228070175                       0  -1.21626290699964E-015       -83.7496610411071  -8.79300246516064E-018 
       6.01503759398496                       0  -1.21191912065255E-015       -79.4067650705786  -8.76159895541103E-018 
       6.06516290726817                       0  -1.20757533430547E-015       -75.0638691000499  -8.73019544566142E-018 
       6.11528822055138                       0  -7.76869750410846E-016       -71.0768796759782  -8.25984420085147E-018 
       6.16541353383459                       0  -7.74065170752479E-016       -67.1953779453478  -8.23002531420445E-018 
       6.21553884711779                       0  -7.71260591094111E-016       -63.3138762147176  -8.20020642755744E-018 
         6.265664160401                       0  -3.58996410978475E-016       -59.7349411159091  -7.71425281912967E-018 
       6.31578947368421                       0  -3.57686208164797E-016       -56.2910304759055  -7.68609867763981E-018 
       6.36591478696742                       0   -3.5637600535112E-016       -52.8471198359019  -7.65794453614994E-018 
       6.41604010025063                       0   3.63150705097465E-017       -49.6251040194125  -7.20790538311902E-018 
       6.46616541353383                       0   3.61810666111875E-017       -46.5927091642965  -7.18130795653483E-018 
       6.51629072681704                       0   3.60470627126284E-017       -43.5603143091805  -7.15471052995064E-018 
       6.56641604010025                       0   4.08323006221327E-016       -40.6482016095175  -6.68179524064799E-018 
       6.61654135338346                       0    4.0679940561807E-016       -38.0000965918155  -6.65686304945528E-018 
       6.66666666666667                       0   4.05275805014813E-016       -35.3519915741136  -6.63193085826257E-018 
       6.71679197994987                       0   7.56510394784228E-016       -32.7078256769307  -6.16087653972237E-018 
       6.76691729323308                       0   7.53655641676501E-016       -30.4158483797265  -6.13762797424415E-018 
       6.81704260651629                       0   7.50800888568774E-016       -28.1238710825223  -6.11437940876594E-018 
        6.8671679197995                       0   7.47946135461047E-016       -25.8318937853182  -6.09113084328772E-018 
       6.91729323308271                       0   1.07644289659873E-015       -23.7462498200397  -5.64912526588799E-018 
       6.96741854636591                       0   1.07231860202088E-015       -21.7809447932133  -5.62748114823228E-018 
       7.01754385964912                       0   1.06819430744304E-015       -19.8156397663868  -5.60583703057656E-018 
       7.06766917293233                       0   1.37526826594432E-015       -17.9018393011573  -5.16836278386639E-018 
       7.11779448621554                       0    1.3699377741714E-015        -16.234482591605  -5.14833039020102E-018 
       7.16791979949875                       0   1.36460728239847E-015       -14.5671258820528  -5.12829799653565E-018 
       7.21804511278195                       0   1.35927679062555E-015       -12.8997691725006  -5.10826560287028E-018 
       7.26817042606516                       0   1.64389545794715E-015       -11.4029331022044  -4.69201250434788E-018 
       7.31829573934837                       0   1.63742340922977E-015       -10.0049980065186  -4.67353995892909E-018 
       7.36842105263158                       0    1.6309513605124E-015       -8.60706291083274   -4.6550674135103E-018 
       7.41854636591479                       0   1.89459082802364E-015       -7.21151056532264  -4.26223309958508E-018 
       7.46867167919799                       0    1.8870426633058E-015       -6.05456844270311  -4.24525210451972E-018 
        7.5187969924812                       0   1.87949449858795E-015       -4.89762632008356  -4.22827110945437E-018 
       7.56892230576441                       0    1.8719463338701E-015       -3.74068419746402  -4.21129011438901E-018 
       7.61904761904762                       0   2.11400328879661E-015       -2.64844489646751  -3.84675829473825E-018 
       7.66917293233083                       0    2.1055317981873E-015       -1.70588159200036   -3.8313430979205E-018 
       7.71929824561403                       0   2.09706030757798E-015      -0.763318287533211  -3.81592790110275E-018 
       7.76942355889724                       0   2.08858881696867E-015       0.179245016933954    -3.800512704285E-018 
       7.81954887218045                       0   2.31071004796569E-015        1.02579770671708   -3.4605751197785E-018 
       7.86967418546366                       0   2.30120855953329E-015        1.77887901790527  -3.44634546145379E-018 
       7.91979949874687                       0   2.29170707110089E-015        2.53196032909347  -3.43211580312907E-018 
       7.96992481203008                       0   2.28220558266849E-015        3.28504164028167  -3.41788614480436E-018 
       8.02005012531328                       0   2.48464146335442E-015        3.93537345170058  -3.10124952070774E-018 
       8.07017543859649                       0   2.47416452780012E-015        4.52339964065973   -3.0881725468886E-018 
        8.1203007518797                       0   2.46368759224583E-015        5.11142582961886  -3.07509557306945E-018 
       8.17042606516291                       0   2.45321065669153E-015        5.69945201857801  -3.06201859925031E-018 
       8.22055137844611                       0   2.63718486951066E-015        6.19542905498777  -2.77309535955512E-018 
       8.27067669172932                       0   2.62613398911413E-015        6.64121979874578    -2.761474958763E-018 
       8.32080200501253                       0    2.6150831087176E-015        7.08701054250379  -2.74985455797088E-018 
       8.37092731829574                       0   2.60403222832106E-015        7.53280128626178  -2.73823415717876E-018 
       8.42105263157895                       0   2.77054717982567E-015        7.90837740574953  -2.47801265367376E-018 
       8.47117794486216                       0   2.75828815920972E-015        8.23279698308199  -2.46704802963517E-018 
       8.52130325814536                       0   2.74602913859377E-015        8.55721656041445  -2.45608340559657E-018 
       8.57142857142857                       0   2.73377011797782E-015        8.88163613774691  -2.44511878155798E-018 
       8.62155388471178                       0   2.88414977804839E-015        9.16377327052916  -2.21090450778206E-018 
       8.67167919799499                       0    2.8714566825385E-015        9.38614839255614   -2.2011743535806E-018 
        8.7218045112782                       0   2.85876358702861E-015        9.60852351458314  -2.19144419937914E-018 
        8.7719298245614                       0   2.84607049151872E-015        9.83089863661012  -2.18171404517767E-018 
       8.82205513784461                       0   2.98179360261221E-015        10.0402682921457  -1.97744322348383E-018 
       8.87218045112782                       0   2.96874212671732E-015        10.1773282198629  -1.96878784487473E-018 
       8.92230576441103                       0   2.95569065082242E-015        10.3143881475802  -1.96013246626562E-018 
       8.97243107769424                       0   2.94263917492752E-015        10.4514480752975  -1.95147708765651E-018 
       9.02255639097744                       0   2.92958769903263E-015        10.5885080030147   -1.9428217090474E-018 
       9.07268170426065                       0   3.05155928405413E-015        10.6724042036659  -1.81173260055802E-018 
       9.12280701754386                       0   3.03743015869849E-015        10.7422115717099  -1.80334403764922E-018 
       9.17293233082707                       0   3.02330103334284E-015        10.8120189397539  -1.79495547474043E-018 
       9.22305764411028                       0   3.00917190798719E-015         10.881826307798  -1.78656691183164E-018 
       9.27318295739348                       0   3.11921557654089E-015        10.9333550971881  -1.67426475936094E-018 
       9.32330827067669                       0   3.10443868925479E-015         10.947127436787  -1.66633314289229E-018 
        9.3734335839599                       0   3.08966180196869E-015        10.9608997763858  -1.65840152642364E-018 
       9.42355889724311                       0   3.07488491468259E-015        10.9746721159846  -1.65046990995499E-018 
       9.47368421052632                       0    3.0601080273965E-015        10.9884444555835  -1.64253829348634E-018 
       9.52380952380952                       0    3.1585792626334E-015        10.9673276620794  -1.46463959032027E-018 
       9.57393483709273                       0     3.143605621004E-015        10.9350171367935  -1.45769628242196E-018 
       9.62406015037594                       0   3.12863197937461E-015        10.9027066115076  -1.45075297452365E-018 
       9.67418546365915                       0   3.11365833774521E-015        10.8703960862217  -1.44380966662534E-018 
       9.72431077694235                       0   3.20324406451299E-015        10.8356831036979  -1.28265221176887E-018 
       9.77443609022556                       0   3.18771136685659E-015        10.7736184098057  -1.27643256424827E-018 
       9.82456140350877                       0   3.17217866920019E-015        10.7115537159135  -1.27021291672768E-018 
       9.87468671679198                       0   3.15664597154379E-015        10.6494890220213  -1.26399326920708E-018 
       9.92481203007519                       0   3.14111327388739E-015        10.5874243281291  -1.25777362168648E-018 
       9.97493734335839                       0   3.22274747955295E-015        10.5190410339527  -1.15923879916177E-018 
       10.0250626566416                       0   3.20668730430882E-015        10.4355305795172  -1.15346187174736E-018 
       10.0751879699248                       0   3.19062712906469E-015        10.3520201250817  -1.14768494433296E-018 
        10.125313283208                       0   3.17456695382056E-015        10.2685096706462  -1.14190801691855E-018 
       10.1754385964912                       0   3.15850677857643E-015        10.1849992162107  -1.13613108950415E-018 
       10.2255639097744                       0   3.23324577116653E-015        10.0963483056551  -1.06344614923588E-018 
       10.2756892230576                       0   3.21668644514478E-015        9.99986317428209  -1.05799962498808E-018 
       10.3258145363409                       0   3.20012711912304E-015        9.90337804290911  -1.05255310074027E-018 
       10.3759398496241                       0   3.18356779310129E-015        9.80689291153612  -1.04710657649247E-018 
       10.4260651629073                       0   3.16700846707954E-015        9.71040778016314  -1.04166005224467E-018 
       10.4761904761905                       0   3.23640532067565E-015        9.61253422980256  -9.89245872784162E-019 
       10.5263157894737                       0   3.21936880797458E-015        9.51242188406422  -9.84038459556746E-019 
       10.5764411027569                       0   3.20233229527351E-015        9.41230953832587  -9.78831046329329E-019 
       10.6265664160401                       0   3.18529578257244E-015        9.31219719258752  -9.73623633101913E-019 
       10.6766917293233                       0   3.16825926987137E-015        9.21208484684916  -9.68416219874496E-019 
       10.7268170426065                       0   3.23350469031663E-015        9.11230620677822  -9.29759749090765E-019 
       10.7769423558897                       0   3.21600755309126E-015        9.01351981808139  -9.24728634101142E-019 
       10.8270676691729                       0   3.19851041586589E-015        8.91473342938457  -9.19697519111518E-019 
       10.8771929824561                       0   3.18101327864051E-015        8.81594704068774  -9.14666404121895E-019 
       10.9273182957393                       0   3.16351614141514E-015        8.71716065199092  -9.09635289132272E-019 
       10.9774436090226                       0   3.22527253266305E-015        8.61837481965246  -8.75695599064219E-019 
       11.0275689223058                       0   3.20732871232375E-015        8.52328541472421  -8.70823662090707E-019 
        11.077694235589                       0   3.18938489198444E-015        8.42819600979596  -8.65951725117196E-019 
       11.1278195488722                       0   3.17144107164513E-015        8.33310660486772  -8.61079788143684E-019 
       11.1779448621554                       0   3.15349725130582E-015        8.23801719993946  -8.56207851170172E-019 
       11.2280701754386                       0   3.13555343096651E-015        8.14292779501122  -8.51335914196661E-019 
       11.2781954887218                       0   3.19329570291976E-015        8.05020215502092  -8.14796663356248E-019 
        11.328320802005                       0   3.17492016755353E-015         7.9588925892353  -8.10107988614945E-019 
       11.3784461152882                       0    3.1565446321873E-015        7.86758302344967  -8.05419313873642E-019 
       11.4285714285714                       0   3.13816909682106E-015        7.77627345766405  -8.00730639132339E-019 
       11.4786967418546                       0   3.11979356145483E-015        7.68496389187843  -7.96041964391037E-019 
       11.5288220551378                       0   3.17349124717322E-015        7.59412650827846  -7.54788036862338E-019 
       11.5789473684211                       0   3.15470241107058E-015        7.50661225565944   -7.5031927119945E-019 
       11.6290726817043                       0   3.13591357496794E-015        7.41909800304042  -7.45850505536563E-019 
       11.6791979949875                       0   3.11712473886529E-015        7.33158375042139  -7.41381739873675E-019 
       11.7293233082707                       0   3.09833590276265E-015        7.24406949780237  -7.36912974210788E-019 
       11.7794486215539                       0   3.07954706666001E-015        7.15655524518334    -7.324442085479E-019 
       11.8295739348371                       0   3.12834855920581E-015        7.07118235864156  -6.88877011010597E-019 
       11.8796992481203                       0   3.10916828272329E-015        6.98799992234028  -6.84653424257533E-019 
       11.9298245614035                       0   3.08998800624078E-015        6.90481748603901  -6.80429837504468E-019 
       11.9799498746867                       0   3.07080772975826E-015        6.82163504973773  -6.76206250751403E-019 
       12.0300751879699                       0   3.05162745327575E-015        6.73845261343645  -6.71982663998338E-019 
       12.0802005012531                       0   3.03244717679324E-015        6.65527017713517  -6.67759077245273E-019 
       12.1303258145363                       0    3.0761845084872E-015        6.57570160279883  -6.24926980159454E-019 
       12.1804511278195                       0   3.05663706367617E-015        6.49745530829158  -6.20955916128057E-019 
       12.2305764411028                       0   3.03708961886513E-015        6.41920901378433  -6.16984852096661E-019 
        12.280701754386                       0    3.0175421740541E-015        6.34096271927707  -6.13013788065265E-019 
       12.3308270676692                       0   2.99799472924307E-015        6.26271642476982  -6.09042724033868E-019 
       12.3809523809524                       0   2.97844728443203E-015        6.18447013026256  -6.05071660002472E-019 
       12.4310776942356                       0   3.01719690245869E-015        6.11117894735172  -5.64941530921433E-019 
       12.4812030075188                       0   2.99730727843216E-015        6.03886935892377  -5.61217387284058E-019 
        12.531328320802                       0   2.97741765440563E-015        5.96655977049583  -5.57493243646684E-019 
       12.5814536340852                       0   2.95752803037911E-015        5.89425018206788  -5.53769100009309E-019 
       12.6315789473684                       0   2.93763840635258E-015        5.82194059363994  -5.50044956371934E-019 
       12.6817042606516                       0   2.91774878232605E-015          5.749631005212  -5.46320812734559E-019 
       12.7318295739348                       0   2.95138210052987E-015        5.68214756298805  -5.09574027654462E-019 
        12.781954887218                       0   2.93076302963051E-015        5.61587988698547  -5.06014019954073E-019 
       12.8320802005013                       0   2.91014395873116E-015         5.5496122109829  -5.02454012253683E-019 
       12.8822055137845                       0    2.8895248878318E-015        5.48334453498032  -4.98894004553294E-019 
       12.9323308270677                       0   2.86890581693245E-015        5.41707685897775  -4.95333996852905E-019 
       12.9824561403509                       0   2.84828674603309E-015        5.35080918297517  -4.91773989152516E-019 
       13.0325814536341                       0    2.8775288057809E-015         5.2887653322798  -4.58586670007046E-019 
       13.0827067669173                       0   2.85702947847217E-015        5.22929696468748  -4.55319728515789E-019 
       13.1328320802005                       0   2.83653015116345E-015        5.16982859709516  -4.52052787024533E-019 
       13.1829573934837                       0   2.81603082385473E-015        5.11036022950285  -4.48785845533277E-019 
       13.2330827067669                       0   2.79553149654601E-015        5.05089186191053  -4.45518904042021E-019 
       13.2832080200501                       0   2.77503216923729E-015        4.99142349431821  -4.42251962550764E-019 
       13.3333333333333                       0   2.80004149025788E-015        4.93373767948994  -4.12382795119117E-019 
       13.3834586466165                       0    2.7788661455803E-015        4.88023792635541  -4.09264145679052E-019 
       13.4335839598998                       0   2.75769080090272E-015         4.8267381732209  -4.06145496238987E-019 
        13.483709273183                       0   2.73651545622514E-015        4.77323842008638  -4.03026846798922E-019 
       13.5338345864662                       0   2.71534011154756E-015        4.71973866695186  -3.99908197358857E-019 
       13.5839598997494                       0   2.69416476686998E-015        4.66623891381734  -3.96789547918792E-019 
       13.6340852130326                       0    2.6729894221924E-015        4.61273916068282  -3.93670898478727E-019 
       13.6842105263158                       0   2.69343357357456E-015        4.56484890283664   -3.6705222075007E-019 
        13.734335839599                       0   2.67201565363708E-015        4.51812625533399  -3.64133457445851E-019 
       13.7844611528822                       0   2.65059773369959E-015        4.47140360783134  -3.61214694141631E-019 
       13.8345864661654                       0    2.6291798137621E-015         4.4246809603287  -3.58295930837412E-019 
       13.8847117794486                       0   2.60776189382461E-015        4.37795831282605  -3.55377167533192E-019 
       13.9348370927318                       0   2.58634397388712E-015        4.33123566532341  -3.52458404228973E-019 
        13.984962406015                       0   2.60299524012905E-015         4.2855046602718    -3.287109828051E-019 
       14.0350877192982                       0   2.58135740256943E-015        4.24362239326721  -3.25978517243754E-019 
       14.0852130325815                       0    2.5597195650098E-015        4.20174012626262  -3.23246051682407E-019 
       14.1353383458647                       0   2.53808172745018E-015        4.15985785925803  -3.20513586121061E-019 
       14.1854636591479                       0   2.51644388989055E-015        4.11797559225344  -3.17781120559714E-019 
       14.2355889724311                       0   2.49480605233093E-015        4.07609332524885  -3.15048654998368E-019 
       14.2857142857143                       0    2.4731682147713E-015        4.03421105824426  -3.12316189437022E-019 
       14.3358395989975                       0   2.48608884199128E-015        3.99503367075451  -2.91344164814708E-019 
       14.3859649122807                       0    2.4642525003309E-015        3.95949247566658  -2.88785169087687E-019 
       14.4360902255639                       0   2.44241615867052E-015        3.92395128057865  -2.86226173360666E-019 
       14.4862155388471                       0   2.42057981701014E-015        3.88841008549072  -2.83667177633644E-019 
       14.5363408521303                       0   2.39874347534977E-015        3.85286889040278  -2.81108181906623E-019 
       14.5864661654135                       0   2.37690713368939E-015        3.81732769531485  -2.78549186179601E-019 
       14.6365914786967                       0   2.35507079202901E-015        3.78178650022692   -2.7599019045258E-019 
         14.68671679198                       0   2.36427439135164E-015        3.74762172271536  -2.57789198728032E-019 
       14.7368421052632                       0   2.34186757516977E-015        3.71489421368933  -2.55346066403502E-019 
       14.7869674185464                       0    2.3194607589879E-015         3.6821667046633  -2.52902934078972E-019 
       14.8370927318296                       0   2.29705394280603E-015        3.64943919563727  -2.50459801754441E-019 
       14.8872180451128                       0   2.27464712662416E-015        3.61671168661124  -2.48016669429911E-019 
        14.937343358396                       0   2.25224031044229E-015        3.58398417758521   -2.4557353710538E-019 
       14.9874686716792                       0   2.22983349426041E-015        3.55125666855918   -2.4313040478085E-019 
       15.0375939849624                       0   2.23558161457252E-015        3.52088961561119  -2.27588431315864E-019 
       15.0877192982456                       0   2.21302099333452E-015        3.49423064171401  -2.25291697274218E-019 
       15.1378446115288                       0   2.19046037209653E-015        3.46757166781684  -2.22994963232572E-019 
        15.187969924812                       0   2.16789975085854E-015        3.44091269391966  -2.20698229190927E-019 
       15.2380952380952                       0   2.14533912962055E-015        3.41425372002248  -2.18401495149281E-019 
       15.2882205513784                       0   2.12277850838255E-015        3.38759474612531  -2.16104761107635E-019 
       15.3383458646617                       0   2.10021788714456E-015        3.36093577222813  -2.13808027065989E-019 
       15.3884711779449                       0   2.10279931854516E-015        3.33427117815658  -2.01496776792785E-019 
       15.4385964912281                       0   2.07971964343572E-015        3.30756616747748  -1.99285210475941E-019 
       15.4887218045113                       0   2.05663996832628E-015        3.28086115679838  -1.97073644159097E-019 
       15.5388471177945                       0   2.03356029321685E-015        3.25415614611928  -1.94862077842254E-019 
       15.5889724310777                       0   2.01048061810741E-015        3.22745113544018   -1.9265051152541E-019 
       15.6390977443609                       0   1.98740094299797E-015        3.20074612476108  -1.90438945208566E-019 
       15.6892230576441                       0   1.96432126788853E-015        3.17404111408198  -1.88227378891723E-019 
       15.7393483709273                       0    1.9412415927791E-015        3.14733610340288  -1.86015812574879E-019 
       15.7894736842105                       0   1.94070633748598E-015        3.12472995768157  -1.77681852796569E-019 
       15.8395989974937                       0   1.91789532228778E-015        3.10401178092548  -1.75593384610374E-019 
       15.8897243107769                       0   1.89508430708958E-015        3.08329360416938  -1.73504916424179E-019 
       15.9398496240602                       0   1.87227329189138E-015        3.06257542741329  -1.71416448237984E-019 
       15.9899749373434                       0   1.84946227669318E-015        3.04185725065719  -1.69327980051788E-019 
       16.0401002506266                       0   1.82665126149498E-015         3.0211390739011  -1.67239511865593E-019 
       16.0902255639098                       0   1.80384024629678E-015          3.000420897145  -1.65151043679398E-019 
        16.140350877193                       0   1.80061553604332E-015        2.97920455867009  -1.58530328183531E-019 
       16.1904761904762                       0   1.77695517029747E-015         2.9516258923123  -1.56447215230461E-019 
       16.2406015037594                       0   1.75329480455162E-015         2.9240472259545  -1.54364102277391E-019 
       16.2907268170426                       0   1.72963443880578E-015        2.89646855959671   -1.5228098932432E-019 
       16.3408521303258                       0   1.70597407305993E-015        2.86888989323891   -1.5019787637125E-019 
        16.390977443609                       0   1.68231370731408E-015        2.84131122688112  -1.48114763418179E-019 
       16.4411027568922                       0   1.65865334156824E-015        2.81373256052332  -1.46031650465109E-019 
       16.4912280701754                       0   1.63499297582239E-015        2.78615389416553  -1.43948537512039E-019 
       16.5413533834586                       0   1.62856062014485E-015        2.76223514986258  -1.38306427672259E-019 
       16.5914786967419                       0    1.6051980756143E-015        2.74763651656472   -1.3632235042307E-019 
       16.6416040100251                       0   1.58183553108376E-015        2.73303788326686  -1.34338273173882E-019 
       16.6917293233083                       0   1.55847298655322E-015        2.71843924996901  -1.32354195924694E-019 
       16.7418546365915                       0   1.53511044202268E-015        2.70384061667115  -1.30370118675505E-019 
       16.7919799498747                       0   1.51174789749213E-015        2.68924198337329  -1.28386041426317E-019 
       16.8421052631579                       0   1.48838535296159E-015        2.67464335007544  -1.26401964177129E-019 
       16.8922305764411                       0   1.46502280843105E-015        2.66004471677758   -1.2441788692794E-019 
       16.9423558897243                       0   1.45615918825301E-015        2.63854916278116   -1.1851578572972E-019 
       16.9924812030075                       0   1.43236990259318E-015        2.60158725427033  -1.16579592280083E-019 
       17.0426065162907                       0   1.40858061693335E-015        2.56462534575949  -1.14643398830446E-019 
       17.0927318295739                       0   1.38479133127351E-015        2.52766343724866   -1.1270720538081E-019 
       17.1428571428571                       0   1.36100204561368E-015        2.49070152873783  -1.10771011931173E-019 
       17.1929824561403                       0   1.33721275995385E-015          2.453739620227  -1.08834818481536E-019 
       17.2431077694236                       0   1.31342347429402E-015        2.41677771171616    -1.068986250319E-019 
       17.2932330827068                       0   1.28963418863419E-015        2.37981580320533  -1.04962431582263E-019 
         17.34335839599                       0    1.2784564537995E-015        2.34754556360065  -9.83094783622219E-020 
       17.3934837092732                       0   1.25425827377631E-015        2.34234756036923  -9.64487106776245E-020 
       17.4436090225564                       0   1.23006009375312E-015         2.3371495571378  -9.45879429930273E-020 
       17.4937343358396                       0   1.20586191372993E-015        2.33195155390638    -9.272717530843E-020 
       17.5438596491228                       0   1.18166373370674E-015        2.32675355067495  -9.08664076238328E-020 
        17.593984962406                       0   1.15746555368355E-015        2.32155554744353  -8.90056399392354E-020 
       17.6441102756892                       0   1.13326737366036E-015         2.3163575442121  -8.71448722546381E-020 
       17.6942355889724                       0   1.10906919363717E-015        2.31115954098067  -8.52841045700407E-020 
       17.7443609022556                       0   1.08487101361398E-015        2.30596153774925  -8.34233368854435E-020 
       17.7944862155388                       0   1.07074405967393E-015        2.25196306415909  -7.85257669912982E-020 
       17.8446115288221                       0    1.0465238799529E-015        2.18541872646197  -7.67495178754828E-020 
       17.8947368421053                       0   1.02230370023188E-015        2.11887438876484  -7.49732687596672E-020 
       17.9448621553885                       0   9.98083520510856E-016        2.05233005106772  -7.31970196438517E-020 
       17.9949874686717                       0   9.73863340789831E-016        1.98578571337059  -7.14207705280362E-020 
       18.0451127819549                       0    9.4964316106881E-016        1.91924137567347  -6.96445214122209E-020 
       18.0952380952381                       0   9.25422981347784E-016        1.85269703797634  -6.78682722964053E-020 
       18.1453634085213                       0   9.01202801626761E-016        1.78615270027922  -6.60920231805899E-020 
       18.1954887218045                       0   8.85485076294925E-016        1.74104919661075  -6.62442424159137E-020 
       18.2456140350877                       0   8.60887180346647E-016        1.76124028935284  -6.44040431559361E-020 
       18.2957393483709                       0   8.36289284398369E-016        1.78143138209494  -6.25638438959584E-020 
       18.3458646616541                       0   8.11691388450091E-016        1.80162247483704  -6.07236446359808E-020 
       18.3959899749373                       0    7.8709349250181E-016        1.82181356757914   -5.8883445376003E-020 
       18.4461152882206                       0   7.62495596553532E-016        1.84200466032123  -5.70432461160254E-020 
       18.4962406015038                       0   7.37897700605252E-016        1.86219575306333  -5.52030468560476E-020 
        18.546365914787                       0   7.13299804656973E-016        1.88238684580543  -5.33628475960699E-020 
       18.5964912280702                       0   6.88701908708695E-016        1.90257793854753  -5.15226483360923E-020 
       18.6466165413534                       0   6.69917035913103E-016        1.83936623033025  -4.02823993490873E-020 
       18.6967418546366                       0   6.44977824357321E-016        1.69216883318744    -3.878279383753E-020 
       18.7468671679198                       0    6.2003861280154E-016        1.54497143604465  -3.72831883259728E-020 
        18.796992481203                       0   5.95099401245759E-016        1.39777403890186  -3.57835828144156E-020 
       18.8471177944862                       0   5.70160189689977E-016        1.25057664175905  -3.42839773028584E-020 
       18.8972431077694                       0   5.45220978134196E-016        1.10337924461626  -3.27843717913012E-020 
       18.9473684210526                       0   5.20281766578415E-016       0.956181847473468   -3.1284766279744E-020 
       18.9974937343358                       0   4.95342555022633E-016       0.808984450330665  -2.97851607681868E-020 
        19.047619047619                       0   4.70403343466852E-016       0.661787053187872  -2.82855552566296E-020 
       19.0977443609023                       0   4.49242288997805E-016       0.636478468751472   -3.1240274339619E-020 
       19.1478696741855                       0   4.24334112332854E-016        0.71334419524748   -2.9508161643709E-020 
       19.1979949874687                       0   3.99425935667901E-016       0.790209921743493  -2.77760489477988E-020 
       19.2481203007519                       0    3.7451775900295E-016       0.867075648239501  -2.60439362518888E-020 
       19.2982456140351                       0   3.49609582337996E-016       0.943941374735514  -2.43118235559787E-020 
       19.3483709273183                       0   3.24701405673045E-016        1.02080710123152  -2.25797108600686E-020 
       19.3984962406015                       0   2.99793229008094E-016        1.09767282772753  -2.08475981641586E-020 
       19.4486215538847                       0   2.74885052343142E-016        1.17453855422354  -1.91154854682486E-020 
       19.4987468671679                       0   2.49976875678189E-016        1.25140428071955  -1.73833727723385E-020 
       19.5488721804511                       0   2.30321745424174E-016        1.33557043027537  -3.30738452463452E-020 
       19.5989974937343                       0   2.04730440377042E-016         1.4316696374651  -2.93989735523067E-020 
       19.6491228070175                       0   1.79139135329914E-016        1.52776884465482  -2.57241018582687E-020 
       19.6992481203008                       0   1.53547830282783E-016        1.62386805184455  -2.20492301642302E-020 
        19.749373433584                       0   1.27956525235653E-016        1.71996725903427  -1.83743584701919E-020 
       19.7994987468672                       0   1.02365220188521E-016        1.81606646622401  -1.46994867761534E-020 
       19.8496240601504                       0   7.67739151413914E-017        1.91216567341373  -1.10246150821151E-020 
       19.8997493734336                       0   5.11826100942615E-017        2.00826488060345   -7.3497433880768E-021 
       19.9498746867168                       0   2.55913050471317E-017        2.10436408779318  -3.67487169403853E-021 
                     20                       0                       0        2.20046329498291                       0 
