                      0                       0  -1.68260114914663E-017       -856.529235839844   3.55632693290302E-018 
      0.050125313283208                       0   5.70592651206859E-016       -855.976166986147  -1.09719375858988E-016 
      0.100250626566416                       0   2.34481081289815E-015       -857.496097997464   -1.4724557953537E-016 
      0.150375939849624                       0   3.95734147347392E-015       -862.468469073673  -1.08398796260038E-017 
      0.200501253132832                       0   3.45820727638004E-015       -866.467167621684    6.3211064279614E-017 
       0.25062656641604                       0   2.41229287541227E-015       -868.032604953185   5.39618334968473E-017 
      0.300751879699248                       0   1.84911868164033E-015       -868.583081288037   7.65811614796474E-018 
      0.350877192982456                       0   1.90052515657887E-015       -869.550889546643  -1.48529233317234E-017 
      0.401002506265664                       0   2.10855815453411E-015       -871.578437261631  -1.72747297942087E-018 
      0.451127819548872                       0   2.01927166482189E-015       -874.252410361352    1.0780815717932E-017 
       0.50125313283208                       0   1.80819438193044E-015       -877.433083899837   1.52414496908262E-017 
      0.551378446115288                       0   1.26009077370875E-015       -881.423061985705   3.00197628716425E-017 
      0.601503759398496                       0   5.92789070753088E-016       -886.450328306191   4.63420129683595E-017 
      0.651629072681704                       0   1.30950867028602E-016       -892.583142310362   5.64420009618789E-017 
      0.701754385964912                       0  -1.09392555247254E-015         -899.6616608733    7.6139303548818E-017 
       0.75187969924812                       0  -2.72118206473704E-015       -907.243419090184   9.35616508118514E-017 
      0.802005012531328                       0  -4.66820609650328E-015       -914.745486255841   1.02611481451795E-016 
      0.852130325814536                       0  -5.70639980268068E-015       -921.515081966345   1.03499317168908E-016 
      0.902255639097744                       0  -7.82839381092466E-015       -926.901131359764   9.92437276783532E-017 
      0.952380952380952                       0  -8.85266932711166E-015        -930.64070506724   9.44443555754718E-017 
       1.00250626566416                       0  -1.08056523607174E-014       -932.323604424158   8.77086096441459E-017 
       1.05263157894737                       0  -1.16779843422997E-014       -931.971218624891   8.00007309778353E-017 
       1.10275689223058                       0  -1.32834449984438E-014       -929.574429608605   6.20688011087862E-017 
       1.15288220551378                       0  -1.39668122489729E-014       -925.202716548067   5.55861104249821E-017 
       1.20300751879699                       0  -1.45874423768128E-014       -919.107418575356   4.94186645822903E-017 
        1.2531328320802                       0  -1.56819380186465E-014       -911.375740822017   3.83095598793922E-017 
       1.30325814536341                       0  -1.61137492539476E-014       -901.970322309121   3.31310191969243E-017 
       1.35338345864662                       0  -1.64881362985979E-014       -891.236062878433   2.84037932330457E-017 
       1.40350877192982                       0  -1.68084970681669E-014         -879.2956503898   2.41088856647315E-017 
       1.45363408521303                       0  -1.70771952066736E-014       -866.256047712013   2.00552901572492E-017 
       1.50375939849624                       0  -1.72943091061219E-014       -852.225205690504   1.62117032428341E-017 
       1.55388471177945                       0  -1.74593785242848E-014       -837.310560248093   1.26699759027626E-017 
       1.60401002506266                       0  -1.75765627784154E-014       -821.613998867207   9.45487533992117E-018 
       1.65413533834586                       0  -1.76479003913817E-014       -805.224406859378   6.43298088288617E-018 
       1.70426065162907                       0  -1.76736325933564E-014       -788.232602776344   3.50605235463228E-018 
       1.75438596491228                       0  -1.76539761477941E-014       -770.725329565714   7.37833310963863E-019 
       1.80451127819549                       0  -1.75899586203911E-014       -752.787218261768  -1.79513938207169E-018 
        1.8546365914787                       0  -1.74826514693321E-014        -734.49442445132  -4.13184526270592E-018 
        1.9047619047619                       0  -1.73333225089988E-014       -715.921407772816  -6.30313432718037E-018 
       1.95488721804511                       0  -1.71442037064031E-014       -697.132729484363  -8.27190610080384E-018 
       2.00501253132832                       0  -1.69169752118317E-014       -678.184921227086  -1.01062131540463E-017 
       2.05513784461153                       0   -1.6652087205582E-014       -659.130036832216  -1.18356566813875E-017 
       2.10526315789474                       0  -1.63504790175423E-014       -640.015995065574  -1.34235148448759E-017 
       2.15538847117795                       0  -1.63046791986651E-014         -620.8894579866  -1.33859138334358E-017 
       2.20551378446115                       0  -1.59685650910099E-014       -601.811697534702  -1.48218809436528E-017 
       2.25563909774436                       0   -1.5598764244434E-014       -582.817926507226  -1.61152588644609E-017 
       2.30576441102757                       0   -1.5196691839562E-014       -563.935048363085  -1.72878735923948E-017 
       2.35588972431078                       0  -1.47637530695476E-014       -545.183980337397  -1.83173739453977E-017 
       2.40601503759398                       0  -1.47218112290187E-014       -526.662291258317  -1.82653367450118E-017 
       2.45614035087719                       0  -1.42615757683707E-014       -508.363555858168  -1.91171875524385E-017 
        2.5062656641604                       0   -1.3775370847012E-014       -490.275756262666   -1.9837366263439E-017 
       2.55639097744361                       0  -1.37358996728789E-014       -472.412746116006  -1.97805253880228E-017 
       2.60651629072682                       0  -1.32267067752915E-014        -454.94332045145  -2.03953309189214E-017 
       2.65664160401002                       0  -1.26950117562029E-014       -437.730458467611  -2.08910101666249E-017 
       2.70676691729323                       0  -1.21429708871386E-014        -420.76349944804  -2.12626774364751E-017 
       2.75689223057644                       0  -1.21077739566642E-014        -404.26113261358  -2.12010466390049E-017 
       2.80701754385965                       0   -1.1539186792345E-014        -388.06499243384  -2.14577291596051E-017 
       2.85714285714286                       0  -1.09546266589682E-014       -372.120110130016  -2.16174195406243E-017 
       2.90726817042607                       0  -1.09225952370664E-014       -356.729975359773  -2.15542100212778E-017 
       2.95739348370927                       0  -1.03257755635784E-014        -341.61938308842   -2.1607430335236E-017 
       3.00751879699248                       0  -1.02954058728397E-014       -326.834904370853  -2.15438795662988E-017 
       3.05764411027569                       0   -9.6890739703831E-015       -312.588338373803  -2.14802256381269E-017 
        3.1077694235589                       0  -9.07419116855134E-015       -298.569028968455   -2.1323482123363E-017 
       3.15789473684211                       0  -9.04726468736888E-015       -285.065931726549  -2.12602074656581E-017 
       3.20802005012531                       0  -8.42775309476304E-015       -271.911828152491  -2.10230491497824E-017 
       3.25814536340852                       0  -8.40259544804348E-015       -259.077376523965  -2.09602933431598E-017 
       3.30827067669173                       0  -7.78078831837788E-015       -246.785552983411   -2.0643944641922E-017 
       3.35839598997494                       0  -7.15715090933231E-015       -234.653943740081  -2.02573522457987E-017 
       3.40852130325815                       0  -7.13559329745595E-015       -223.188129817761  -2.01963363271895E-017 
       3.45864661654135                       0  -6.51415026834739E-015       -211.878659251026  -1.97407559885069E-017 
       3.50877192982456                       0  -6.49441054253037E-015       -201.103773348667  -1.96809358900165E-017 
       3.55889724310777                       0  -5.87756080973741E-015       -190.588976023573  -1.91618598899463E-017 
       3.60902255639098                       0  -5.85964139664432E-015       -180.502970663264  -1.91034395189599E-017 
       3.65914786967419                       0  -5.24954716341349E-015       -170.748676642495  -1.85382701461448E-017 
       3.70927318295739                       0  -5.23344428148168E-015       -161.345997280275   -1.8481404369709E-017 
        3.7593984962406                       0  -4.63199482352717E-015       -152.313266101562  -1.78766614388678E-017 
       3.80952380952381                       0  -4.61769836223748E-015       -143.584562072967  -1.78214858594497E-017 
       3.85964912280702                       0  -4.02678801234482E-015       -135.230341203056  -1.71743336658607E-017 
       3.90977443609023                       0  -4.01428251184464E-015       -127.162194283791  -1.71209974491068E-017 
       3.95989974937343                       0  -3.43573544901105E-015       -119.440670814343  -1.64384866220016E-017 
       4.01002506265664                       0  -3.42499877847994E-015       -112.016311320008  -1.63871163644512E-017 
       4.06015037593985                       0  -2.86050394237092E-015       -104.880672164208  -1.56787566101326E-017 
       4.11027568922306                       0  -2.85150868921051E-015       -98.0808516696721  -1.56294525756723E-017 
       4.16040100250627                       0  -2.30258491242696E-015       -91.4839450504948  -1.49041173272549E-017 
       4.21052631578947                       0  -2.29529823385503E-015       -85.2854500421577   -1.4856952286011E-017 
       4.26065162907268                       0  -1.76313503279558E-015       -79.1808646229451  -1.41328694879346E-017 
       4.31077694235589                       0  -1.75751997116549E-015       -73.5594632946522  -1.40878604944606E-017 
        4.3609022556391                       0  -1.75190490953539E-015       -67.9380619663596  -1.40428515009866E-017 
       4.41102756892231                       0  -1.23937090717488E-015       -62.8325716448557  -1.33071594275015E-017 
       4.46115288220551                       0   -1.2353858043484E-015       -57.7617943529319  -1.32643712691382E-017 
       4.51127819548872                       0    -7.420051263787E-016       -53.0348739514139  -1.25214221575335E-017 
       4.56140350877193                       0  -7.39603805742148E-016       -48.4859221099069  -1.24808995946065E-017 
       4.61152882205514                       0  -2.66165251534177E-016       -44.0981054035886   -1.1778794813987E-017 
       4.66165413533835                       0  -2.65298262933449E-016       -40.0412126794285  -1.17404273682924E-017 
       4.71177944862155                       0   -2.6443127433272E-016       -35.9843199552684  -1.17020599225977E-017 
       4.76190476190476                       0   1.87053582438457E-016       -32.3617943413928  -1.09901947722372E-017 
       4.81203007518797                       0   1.86438270636244E-016       -28.7663688761303  -1.09540425827746E-017 
       4.86215538847118                       0    6.1713430947069E-016       -25.3862827049033  -1.02282757163139E-017 
       4.91228070175439                       0   6.15090843239759E-016       -22.2223428345235  -1.01944076657029E-017 
       4.96240601503759                       0   6.13047377008827E-016       -19.0584029641435  -1.01605396150919E-017 
        5.0125313283208                       0   1.02118935916426E-015        -16.294195593157  -9.49650998419946E-018 
       5.06265664160401                       0   1.01777398543772E-015       -13.5301757819536   -9.4647488515527E-018 
       5.11278195488722                       0   1.40462058622621E-015       -10.9290970685035  -8.82633296450466E-018 
       5.16290726817043                       0   1.39989121933499E-015       -8.53428100836636  -8.79661464248766E-018 
       5.21303258145363                       0   1.39516185244378E-015       -6.13946494822918  -8.76689632047066E-018 
       5.26315789473684                       0   1.75958656961898E-015       -4.02397598253611  -8.13795964191389E-018 
       5.31328320802005                       0   1.75360161569029E-015       -1.96852564545663   -8.1102796661904E-018 
       5.36340852130326                       0   2.09701710930854E-015      0.0425296779515461  -7.51071610659672E-018 
       5.41353383458647                       0   2.08983549602804E-015        1.78836345887423  -7.48499430475839E-018 
       5.46365914786967                       0   2.08265388274753E-015         3.5341972397969  -7.45927250292005E-018 
       5.51378446115288                       0   2.40410878567203E-015        5.16738398175817  -6.88932189189308E-018 
       5.56390977443609                       0   2.39579011857518E-015        6.63215462833937  -6.86548354660552E-018 
        5.6140350877193                       0   2.38747145147833E-015        8.09692527492058  -6.84164520131795E-018 
       5.66416040100251                       0    2.6874047093634E-015        9.41129867237432  -6.30205778191902E-018 
       5.71428571428571                       0   2.67800820570273E-015        10.6227973989255  -6.28002265307845E-018 
       5.76441102756892                       0   2.66861170204206E-015        11.8342961254767  -6.25798752423789E-018 
       5.81453634085213                       0   2.94757202999349E-015        12.8823228566654  -5.75011353940252E-018 
       5.86466165413534                       0   2.93715649519545E-015        13.8670792047057  -5.72979494937218E-018 
       5.91478696741855                       0   2.92674096039742E-015         14.851835552746  -5.70947635934185E-018 
       5.96491228070175                       0   3.18541290215686E-015        15.6792461120983  -5.23429108901295E-018 
       6.01503759398496                       0      3.17403645304E-015        16.4624511413212   -5.2155972342236E-018 
       6.06516290726817                       0   3.16266000392313E-015        17.2456561705442  -5.19690337943425E-018 
       6.11528822055138                       0   3.40182141784422E-015        17.8916679675092  -4.75458650265708E-018 
       6.16541353383459                       0   3.38954049283093E-015        18.4970168495301  -4.73742195662829E-018 
       6.21553884711779                       0   3.37725956781764E-015        19.1023657315509   -4.7202574105995E-018 
         6.265664160401                       0   3.59776721320069E-015        19.6000024310193  -4.31204967827539E-018 
       6.31578947368421                       0   3.58463670665093E-015        20.0495711096743  -4.29631230751507E-018 
       6.36591478696742                       0   3.57150620010118E-015        20.4991397883293  -4.28057493675475E-018 
       6.41604010025063                       0    3.7743157205125E-015         20.875722704976  -3.90217694531034E-018 
       6.46616541353383                       0   3.76038836159947E-015        21.1899353953173  -3.88777777394157E-018 
       6.51629072681704                       0   3.74646100268644E-015        21.5041480856586   -3.8733786025728E-018 
       6.56641604010025                       0   3.93226760632683E-015        21.7817893154264  -3.53305681884674E-018 
       6.61654135338346                       0   3.91759489573771E-015        21.9791597311604  -3.51987370788184E-018 
       6.66666666666667                       0   3.90292218514858E-015        22.1765301468943  -3.50669059691695E-018 
       6.71679197994987                       0   4.07323499740031E-015        22.3728352438271  -3.27569667522199E-018 
       6.76691729323308                       0   4.05786431598271E-015        22.4738923951051  -3.26333556911157E-018 
       6.81704260651629                       0   4.04249363456511E-015         22.574949546383  -3.25097446300116E-018 
        6.8671679197995                       0   4.02712295314751E-015         22.676006697661  -3.23861335689074E-018 
       6.91729323308271                       0    4.1819275550384E-015        22.7235422086994  -3.02251366396925E-018 
       6.96741854636591                       0   4.16590487404467E-015        22.7398625141745  -3.01093317348978E-018 
       7.01754385964912                       0   4.14988219305094E-015        22.7561828196496  -2.99935268301031E-018 
       7.06766917293233                       0   4.28977135664316E-015        22.7598884134355  -2.65523723971895E-018 
       7.11779448621554                       0   4.27314435266833E-015        22.7032339763991   -2.6449456329016E-018 
       7.16791979949875                       0    4.2565173486935E-015        22.6465795393628  -2.63465402608424E-018 
       7.21804511278195                       0   4.23989034471867E-015        22.5899251023264  -2.62436241926689E-018 
       7.26817042606516                       0   4.36628831202984E-015        22.4999983359492  -2.30112001436293E-018 
       7.31829573934837                       0   4.34909814915608E-015        22.3907738129266  -2.29206045965373E-018 
       7.36842105263158                       0   4.33190798628231E-015        22.2815492899041  -2.28300090494453E-018 
       7.41854636591479                       0   4.44646467166489E-015        22.1718926404793  -2.05503298886177E-018 
       7.46867167919799                       0   4.42874968684739E-015        22.0189625592821  -2.04684561284839E-018 
        7.5187969924812                       0   4.41103470202988E-015        21.8660324780849    -2.038658236835E-018 
       7.56892230576441                       0   4.39331971721238E-015        21.7131023968877  -2.03047086082161E-018 
       7.61904761904762                       0   4.49524451674222E-015        21.5495426004122  -1.83287321495501E-018 
       7.66917293233083                       0   4.47723062721236E-015        21.3613932545603  -1.82552830290551E-018 
       7.71929824561403                       0   4.45921673768249E-015        21.1732439087083  -1.81818339085602E-018 
       7.76942355889724                       0   4.44120284815263E-015        20.9850945628563  -1.81083847880652E-018 
       7.81954887218045                       0   4.53320724052904E-015        20.7841736920074  -1.63601725247038E-018 
       7.86967418546366                       0   4.51456698915026E-015        20.5708190704514  -1.62929005664014E-018 
       7.91979949874687                       0   4.49592673777147E-015        20.3574644488954  -1.62256286080991E-018 
       7.96992481203008                       0   4.47728648639269E-015        20.1441098273394  -1.61583566497968E-018 
       8.02005012531328                       0   4.55912109376749E-015        19.9194769031671  -1.45913817988506E-018 
       8.07017543859649                       0   4.53989674345855E-015        19.6880050000568  -1.45298546252083E-018 
        8.1203007518797                       0   4.52067239314962E-015        19.4565330969465   -1.4468327451566E-018 
       8.17042606516291                       0   4.50144804284068E-015        19.2250611938362  -1.44068002779237E-018 
       8.22055137844611                       0   4.57438122262516E-015        18.9865270859354  -1.30157454481222E-018 
       8.27067669172932                       0   4.55521269926382E-015        18.7441425799965  -1.29612041651497E-018 
       8.32080200501253                       0   4.53604417590249E-015        18.5017580740577  -1.29066628821771E-018 
       8.37092731829574                       0   4.51687565254115E-015        18.2593735681188  -1.28521215992046E-018 
       8.42105263157895                       0   4.58123905925795E-015        18.0138133387156  -1.16196616052189E-018 
       8.47117794486216                       0   4.56096815231113E-015        17.7659393601049  -1.15682473314589E-018 
       8.52130325814536                       0    4.5406972453643E-015        17.5180653814941  -1.15168330576988E-018 
       8.57142857142857                       0   4.52042633841747E-015        17.2701914028833  -1.14654187839387E-018 
       8.62155388471178                       0   4.57708023019689E-015        17.0220971114285  -1.03744000647243E-018 
       8.67167919799499                       0   4.55693657574437E-015        16.7736914297809  -1.03287425014862E-018 
        8.7218045112782                       0   4.53679292129185E-015        16.5252857481334  -1.02830849382481E-018 
        8.7719298245614                       0   4.51664926683933E-015        16.2768800664858    -1.023742737501E-018 
       8.82205513784461                       0   4.56677296551708E-015        16.0289822197232  -9.27357749656031E-019 
       8.87218045112782                       0   4.54678394708713E-015        15.7839079089201  -9.23298653377543E-019 
       8.92230576441103                       0   4.52679492865718E-015        15.5388335981169  -9.19239557099056E-019 
       8.97243107769424                       0   4.50680591022723E-015        15.2937592873137  -9.15180460820568E-019 
       9.02255639097744                       0   4.48681689179729E-015        15.0486849765105   -9.1112136454208E-019 
       9.07268170426065                       0   4.53029509930607E-015        14.8088469786426  -8.26425110126026E-019 
       9.12280701754386                       0   4.50931923044759E-015         14.570396647526  -8.22598651948058E-019 
       9.17293233082707                       0   4.48834336158912E-015        14.3319463164094  -8.18772193770089E-019 
       9.22305764411028                       0   4.46736749273065E-015        14.0934959852927   -8.1494573559212E-019 
       9.27318295739348                       0   4.50503703116287E-015        13.8580318667988  -7.40443265292624E-019 
       9.32330827067669                       0   4.48369499089805E-015        13.6287361046684  -7.36935509446806E-019 
        9.3734335839599                       0   4.46235295063323E-015        13.3994403425379  -7.33427753600988E-019 
       9.42355889724311                       0   4.44101091036841E-015        13.1701445804075  -7.29919997755169E-019 
       9.47368421052632                       0   4.41966887010359E-015        12.9408488182771  -7.26412241909351E-019 
       9.52380952380952                       0   4.45230509695537E-015        12.7199847957209    -6.613957966425E-019 
       9.57393483709273                       0   4.43119838555027E-015        12.5018259888824  -6.58260366814515E-019 
       9.62406015037594                       0   4.41009167414516E-015        12.2836671820439  -6.55124936986531E-019 
       9.67418546365915                       0   4.38898496274006E-015        12.0655083752054  -6.51989507158546E-019 
       9.72431077694235                       0   4.41719447565143E-015        11.8483654384263  -5.95027908795343E-019 
       9.77443609022556                       0   4.39577526909145E-015        11.6427880705217   -5.9214258740918E-019 
       9.82456140350877                       0   4.37435606253148E-015         11.437210702617  -5.89257266023018E-019 
       9.87468671679198                       0   4.35293685597151E-015        11.2316333347123  -5.86371944636855E-019 
       9.92481203007519                       0   4.33151764941153E-015        11.0260559668076  -5.83486623250692E-019 
       9.97493734335839                       0   4.35532630215656E-015        10.8244734879371  -5.33823609434666E-019 
       10.0250626566416                       0   4.33362205629126E-015         10.632455046024  -5.31163363550877E-019 
       10.0751879699248                       0   4.31191781042596E-015        10.4404366041109  -5.28503117667087E-019 
        10.125313283208                       0   4.29021356456066E-015        10.2484181621978  -5.25842871783298E-019 
       10.1754385964912                       0   4.26850931869536E-015        10.0563997202846  -5.23182625899509E-019 
       10.2255639097744                       0   4.28837122038358E-015        9.87000182465732  -4.79892411207333E-019 
       10.2756892230576                       0   4.26640798524264E-015        9.69216982273423  -4.77434603958836E-019 
       10.3258145363409                       0   4.24444475010169E-015        9.51433782081114   -4.7497679671034E-019 
       10.3759398496241                       0   4.22248151496074E-015        9.33650581888804  -4.72518989461843E-019 
       10.4260651629073                       0   4.20051827981979E-015        9.15867381696495  -4.70061182213346E-019 
       10.4761904761905                       0   4.21683703485157E-015        8.98636102630539  -4.32289392601208E-019 
       10.5263157894737                       0   4.19463950685851E-015        8.82294784360003  -4.30013811208315E-019 
       10.5764411027569                       0   4.17244197886545E-015        8.65953466089467  -4.27738229815422E-019 
       10.6265664160401                       0   4.15024445087239E-015         8.4961214781893   -4.2546264842253E-019 
       10.6766917293233                       0   4.12804692287933E-015        8.33270829548393  -4.23187067029637E-019 
       10.7268170426065                       0   4.14118221180429E-015        8.17293581077337  -3.90217600172837E-019 
       10.7769423558897                       0   4.11877345091639E-015         8.0239886968642  -3.88106055099645E-019 
       10.8270676691729                       0   4.09636469002849E-015        7.87504158295504  -3.85994510026454E-019 
       10.8771929824561                       0   4.07395592914058E-015        7.72609446904588  -3.83882964953262E-019 
       10.9273182957393                       0   4.05154716825268E-015        7.57714735513672   -3.8177141988007E-019 
       10.9774436090226                       0   4.06181567248902E-015        7.42820237042293  -3.53024364567029E-019 
       11.0275689223058                       0   4.03921774008473E-015        7.29340369231172  -3.51060311697376E-019 
        11.077694235589                       0   4.01661980768044E-015        7.15860501420051  -3.49096258827723E-019 
       11.1278195488722                       0   3.99402187527614E-015        7.02380633608931   -3.4713220595807E-019 
       11.1779448621554                       0   3.97142394287185E-015         6.8890076579781  -3.45168153088417E-019 
       11.2280701754386                       0   3.94882601046756E-015         6.7542089798669  -3.43204100218764E-019 
       11.2781954887218                       0   3.95634217344774E-015        6.62805775855021  -3.18297600145084E-019 
        11.328320802005                       0   3.93357575521011E-015         6.5070870187214  -3.16465984988647E-019 
       11.3784461152882                       0   3.91080933697248E-015        6.38611627889259   -3.1463436983221E-019 
       11.4285714285714                       0   3.88804291873485E-015        6.26514553906378  -3.12802754675773E-019 
       11.4786967418546                       0   3.86527650049721E-015        6.14417479923497  -3.10971139519336E-019 
       11.5288220551378                       0   3.87047335486425E-015        6.02483264011451  -2.89281076490922E-019 
       11.5789473684211                       0    3.8475579964025E-015        5.91695213111826  -2.87568371362579E-019 
       11.6290726817043                       0   3.82464263794076E-015        5.80907162212201  -2.85855666234237E-019 
       11.6791979949875                       0   3.80172727947901E-015        5.70119111312576  -2.84142961105894E-019 
       11.7293233082707                       0   3.77881192101726E-015        5.59331060412951  -2.82430255977552E-019 
       11.7794486215539                       0   3.75589656255552E-015        5.48543009513325  -2.80717550849209E-019 
       11.8295739348371                       0   3.75886264275313E-015        5.38377418885419  -2.61911457100235E-019 
       11.8796992481203                       0   3.73581660955596E-015        5.28848556496735  -2.60305646856892E-019 
       11.9298245614035                       0   3.71277057635878E-015        5.19319694108051  -2.58699836613549E-019 
       11.9799498746867                       0    3.6897245431616E-015        5.09790831719366  -2.57094026370205E-019 
       12.0300751879699                       0   3.66667850996443E-015        5.00261969330682  -2.55488216126862E-019 
       12.0802005012531                       0   3.64363247676725E-015        4.90733106941998  -2.53882405883519E-019 
       12.1303258145363                       0   3.64458072171704E-015        4.82046842137198  -2.37505978761316E-019 
       12.1804511278195                       0   3.62142143451546E-015        4.73668876265788  -2.35996760117468E-019 
       12.2305764411028                       0   3.59826214731388E-015        4.65290910394378  -2.34487541473619E-019 
        12.280701754386                       0   3.57510286011229E-015        4.56912944522967   -2.3297832282977E-019 
       12.3308270676692                       0   3.55194357291071E-015        4.48534978651558  -2.31469104185922E-019 
       12.3809523809524                       0   3.52878428570913E-015        4.40157012780147  -2.29959885542073E-019 
       12.4310776942356                       0   3.52790892525357E-015        4.32700655600968  -2.15656211055101E-019 
       12.4812030075188                       0    3.5046526432171E-015        4.25426866662701  -2.14234586581944E-019 
        12.531328320802                       0   3.48139636118064E-015        4.18153077724435  -2.12812962108786E-019 
       12.5814536340852                       0   3.45814007914418E-015        4.10879288786168  -2.11391337635628E-019 
       12.6315789473684                       0   3.43488379710771E-015        4.03605499847901   -2.0996971316247E-019 
       12.6817042606516                       0   3.41162751507125E-015        3.96331710909635  -2.08548088689312E-019 
       12.7318295739348                       0   3.40869733591146E-015        3.89825603974288  -1.96010122315181E-019 
        12.781954887218                       0   3.38488334990437E-015        3.83512885678336  -1.94640748079198E-019 
       12.8320802005013                       0   3.36106936389728E-015        3.77200167382383  -1.93271373843214E-019 
       12.8822055137845                       0   3.33725537789018E-015        3.70887449086431  -1.91901999607231E-019 
       12.9323308270677                       0   3.31344139188309E-015        3.64574730790479  -1.90532625371248E-019 
       12.9824561403509                       0     3.289627405876E-015        3.58262012494526  -1.89163251135264E-019 
       13.0325814536341                       0   3.28535310060294E-015        3.52535404601573  -1.78196868365902E-019 
       13.0827067669173                       0   3.26194845964898E-015        3.47166178306972  -1.76927405511983E-019 
       13.1328320802005                       0   3.23854381869502E-015        3.41796952012372  -1.75657942658063E-019 
       13.1829573934837                       0   3.21513917774106E-015        3.36427725717771  -1.74388479804144E-019 
       13.2330827067669                       0    3.1917345367871E-015         3.3105849942317  -1.73119016950225E-019 
       13.2832080200501                       0   3.16832989583314E-015        3.25689273128569  -1.71849554096305E-019 
       13.3333333333333                       0   3.16266716989727E-015        3.20544081291442  -1.62249556043421E-019 
       13.3834586466165                       0   3.13874946451467E-015        3.15925001263977  -1.61022541984895E-019 
       13.4335839598998                       0   3.11483175913207E-015        3.11305921236512  -1.59795527926368E-019 
        13.483709273183                       0   3.09091405374947E-015        3.06686841209048  -1.58568513867842E-019 
       13.5338345864662                       0   3.06699634836687E-015        3.02067761181583  -1.57341499809315E-019 
       13.5839598997494                       0   3.04307864298427E-015        2.97448681154118  -1.56114485750789E-019 
       13.6340852130326                       0   3.01916093760167E-015        2.92829601126653  -1.54887471692263E-019 
       13.6842105263158                       0   3.01181618175335E-015          2.888717568889  -1.46502210059861E-019 
        13.734335839599                       0    2.9878665145033E-015        2.85051548161634  -1.45337238836322E-019 
       13.7844611528822                       0   2.96391684725325E-015        2.81231339434368  -1.44172267612784E-019 
       13.8345864661654                       0    2.9399671800032E-015        2.77411130707102  -1.43007296389245E-019 
       13.8847117794486                       0   2.91601751275315E-015        2.73590921979836  -1.41842325165706E-019 
       13.9348370927318                       0    2.8920678455031E-015         2.6977071325257  -1.40677353942168E-019 
        13.984962406015                       0   2.88345849195365E-015        2.66056479315007  -1.33361925591707E-019 
       14.0350877192982                       0   2.85948925624513E-015        2.62753552098659  -1.32253332061413E-019 
       14.0852130325815                       0   2.83552002053661E-015        2.59450624882311   -1.3114473853112E-019 
       14.1353383458647                       0   2.81155078482809E-015        2.56147697665963  -1.30036145000826E-019 
       14.1854636591479                       0   2.78758154911957E-015        2.52844770449615  -1.28927551470532E-019 
       14.2355889724311                       0   2.76361231341105E-015        2.49541843233267  -1.27818957940239E-019 
       14.2857142857143                       0   2.73964307770252E-015        2.46238916016919  -1.26710364409945E-019 
       14.3358395989975                       0   2.72986942444421E-015        2.43231064588804  -1.20530919409738E-019 
       14.3859649122807                       0   2.70589185757953E-015        2.40619886037703  -1.19472246729817E-019 
       14.4360902255639                       0   2.68191429071485E-015        2.38008707486603  -1.18413574049897E-019 
       14.4862155388471                       0   2.65793672385017E-015        2.35397528935503  -1.17354901369977E-019 
       14.5363408521303                       0   2.63395915698549E-015        2.32786350384402  -1.16296228690057E-019 
       14.5864661654135                       0   2.60998159012081E-015        2.30175171833302  -1.15237556010137E-019 
       14.6365914786967                       0   2.58600402325613E-015        2.27563993282202  -1.14178883330217E-019 
         14.68671679198                       0   2.57488611118732E-015        2.25090891190766  -1.09090154730378E-019 
       14.7368421052632                       0   2.55048327537703E-015        2.22761969867927  -1.08056280213428E-019 
       14.7869674185464                       0   2.52608043956674E-015        2.20433048545089  -1.07022405696479E-019 
       14.8370927318296                       0   2.50167760375645E-015         2.1810412722225  -1.05988531179529E-019 
       14.8872180451128                       0   2.47727476794616E-015        2.15775205899411  -1.04954656662579E-019 
        14.937343358396                       0   2.45287193213588E-015        2.13446284576572  -1.03920782145629E-019 
       14.9874686716792                       0   2.42846909632559E-015        2.11117363253733   -1.0288690762868E-019 
       15.0375939849624                       0   2.41606360471119E-015         2.0901795576135  -9.92326758448262E-020 
       15.0877192982456                       0   2.39168162933732E-015        2.07279095298206  -9.82312582273371E-020 
       15.1378446115288                       0   2.36729965396345E-015        2.05540234835061   -9.7229840609848E-020 
        15.187969924812                       0   2.34291767858957E-015        2.03801374371917  -9.62284229923589E-020 
       15.2380952380952                       0    2.3185357032157E-015        2.02062513908772  -9.52270053748699E-020 
       15.2882205513784                       0   2.29415372784183E-015        2.00323653445627  -9.42255877573808E-020 
       15.3383458646617                       0   2.26977175246796E-015        1.98584792982483  -9.32241701398917E-020 
       15.3884711779449                       0   2.25626171595526E-015        1.96837143668462   -9.0737310114155E-020 
       15.4385964912281                       0   2.23149768502428E-015         1.9502629070396  -8.97414054554129E-020 
       15.4887218045113                       0   2.20673365409329E-015        1.93215437739458  -8.87455007966707E-020 
       15.5388471177945                       0    2.1819696231623E-015        1.91404584774956  -8.77495961379286E-020 
       15.5889724310777                       0   2.15720559223132E-015        1.89593731810455  -8.67536914791864E-020 
       15.6390977443609                       0   2.13244156130033E-015        1.87782878845953  -8.57577868204443E-020 
       15.6892230576441                       0   2.10767753036935E-015        1.85972025881451  -8.47618821617021E-020 
       15.7393483709273                       0   2.08291349943836E-015        1.84161172916949    -8.376597750296E-020 
       15.7894736842105                       0   2.06831789880321E-015        1.82858278624002  -8.32260712221811E-020 
       15.8395989974937                       0   2.04400694040987E-015        1.81789354031784   -8.2247834000575E-020 
       15.8897243107769                       0   2.01969598201654E-015        1.80720429439567  -8.12695967789689E-020 
       15.9398496240602                       0    1.9953850236232E-015         1.7965150484735  -8.02913595573629E-020 
       15.9899749373434                       0   1.97107406522986E-015        1.78582580255132  -7.93131223357568E-020 
       16.0401002506266                       0   1.94676310683653E-015        1.77513655662915  -7.83348851141507E-020 
       16.0902255639098                       0   1.92245214844319E-015        1.76444731070697  -7.73566478925446E-020 
        16.140350877193                       0   1.90697109715597E-015         1.7532318583283  -7.61870343695359E-020 
       16.1904761904762                       0   1.88191320294019E-015        1.73529590157544  -7.51859249921084E-020 
       16.2406015037594                       0   1.85685530872441E-015        1.71735994482258  -7.41848156146809E-020 
       16.2907268170426                       0   1.83179741450862E-015        1.69942398806972  -7.31837062372534E-020 
       16.3408521303258                       0   1.80673952029284E-015        1.68148803131685  -7.21825968598259E-020 
        16.390977443609                       0   1.78168162607705E-015        1.66355207456399  -7.11814874823983E-020 
       16.4411027568922                       0   1.75662373186127E-015        1.64561611781113  -7.01803781049709E-020 
       16.4912280701754                       0   1.73156583764549E-015        1.62768016105827  -6.91792687275433E-020 
       16.5413533834586                       0   1.71471282898323E-015        1.61378893939661  -6.63276070986965E-020 
       16.5914786967419                       0   1.69011438645141E-015        1.61019776770084  -6.53761032644027E-020 
       16.6416040100251                       0    1.6655159439196E-015        1.60660659600508   -6.4424599430109E-020 
       16.6917293233083                       0   1.64091750138778E-015        1.60301542430932  -6.34730955958153E-020 
       16.7418546365915                       0   1.61631905885596E-015        1.59942425261355  -6.25215917615215E-020 
       16.7919799498747                       0   1.59172061632414E-015        1.59583308091779  -6.15700879272277E-020 
       16.8421052631579                       0   1.56712217379233E-015        1.59224190922203   -6.0618584092934E-020 
       16.8922305764411                       0   1.54252373126051E-015        1.58865073752626  -5.96670802586402E-020 
       16.9423558897243                       0   1.52478897276498E-015        1.57859268300361  -5.74701768607819E-020 
       16.9924812030075                       0   1.49987848170282E-015        1.55403263450782  -5.65312860682839E-020 
       17.0426065162907                       0   1.47496799064065E-015        1.52947258601203  -5.55923952757858E-020 
       17.0927318295739                       0   1.45005749957848E-015        1.50491253751623  -5.46535044832877E-020 
       17.1428571428571                       0   1.42514700851632E-015        1.48035248902044  -5.37146136907897E-020 
       17.1929824561403                       0   1.40023651745415E-015        1.45579244052465  -5.27757228982917E-020 
       17.2431077694236                       0   1.37532602639199E-015        1.43123239202886  -5.18368321057936E-020 
       17.2932330827068                       0   1.35041553532982E-015        1.40667234353307  -5.08979413132956E-020 
         17.34335839599                       0   1.33175572733116E-015        1.38654697383769  -4.91941844320245E-020 
       17.3934837092732                       0   1.30654871715799E-015        1.39201093602519  -4.82630539837074E-020 
       17.4436090225564                       0   1.28134170698483E-015         1.3974748982127  -4.73319235353904E-020 
       17.4937343358396                       0   1.25613469681166E-015         1.4029388604002  -4.64007930870734E-020 
       17.5438596491228                       0    1.2309276866385E-015        1.40840282258771  -4.54696626387563E-020 
        17.593984962406                       0   1.20572067646533E-015        1.41386678477521  -4.45385321904392E-020 
       17.6441102756892                       0   1.18051366629216E-015        1.41933074696271  -4.36074017421222E-020 
       17.6942355889724                       0   1.15530665611899E-015        1.42479470915022  -4.26762712938051E-020 
       17.7443609022556                       0   1.13009964594583E-015        1.43025867133772  -4.17451408454881E-020 
       17.7944862155388                       0   1.10998684112057E-015        1.39183891600278  -3.99739762851986E-020 
       17.8446115288221                       0   1.08487899154903E-015        1.34213731947864  -3.90697668422003E-020 
       17.8947368421053                       0   1.05977114197749E-015         1.2924357229545   -3.8165557399202E-020 
       17.9448621553885                       0   1.03466329240596E-015        1.24273412643036  -3.72613479562038E-020 
       17.9949874686717                       0   1.00955544283442E-015        1.19303252990622  -3.63571385132055E-020 
       18.0451127819549                       0   9.84447593262879E-016        1.14333093338209  -3.54529290702073E-020 
       18.0952380952381                       0   9.59339743691339E-016        1.09362933685794   -3.4548719627209E-020 
       18.1453634085213                       0   9.34231894119801E-016        1.04392774033381  -3.36445101842108E-020 
       18.1954887218045                       0   9.13611668199906E-016        1.01429065193848   -3.7360542387233E-020 
       18.2456140350877                       0   8.88232443464074E-016        1.04575678176202  -3.63227036265193E-020 
       18.2957393483709                       0   8.62853218728242E-016        1.07722291158556  -3.52848648658056E-020 
       18.3458646616541                       0    8.3747399399241E-016        1.10868904140911  -3.42470261050919E-020 
       18.3959899749373                       0   8.12094769256576E-016        1.14015517123265  -3.32091873443781E-020 
       18.4461152882206                       0   7.86715544520744E-016        1.17162130105619  -3.21713485836644E-020 
       18.4962406015038                       0    7.6133631978491E-016        1.20308743087974  -3.11335098229506E-020 
        18.546365914787                       0   7.35957095049078E-016        1.23455356070328  -3.00956710622369E-020 
       18.5964912280702                       0   7.10577870313246E-016        1.26601969052682  -2.90578323015232E-020 
       18.6466165413534                       0   6.88350920049608E-016        1.22680417641834  -2.07488764434996E-020 
       18.6967418546366                       0   6.62725464508929E-016        1.11641303641077  -1.99764515140993E-020 
       18.7468671679198                       0   6.37100008968251E-016        1.00602189640322   -1.9204026584699E-020 
        18.796992481203                       0   6.11474553427574E-016       0.895630756395661  -1.84316016552988E-020 
       18.8471177944862                       0   5.85849097886895E-016       0.785239616388098  -1.76591767258985E-020 
       18.8972431077694                       0   5.60223642346218E-016       0.674848476380542  -1.68867517964983E-020 
       18.9473684210526                       0    5.3459818680554E-016       0.564457336372986  -1.61143268670981E-020 
       18.9974937343358                       0   5.08972731264862E-016       0.454066196365423  -1.53419019376978E-020 
        19.047619047619                       0   4.83347275724184E-016       0.343675056357867  -1.45694770082975E-020 
       19.0977443609023                       0   4.59763873477648E-016       0.330236981384663  -1.65991487544642E-020 
       19.1478696741855                       0   4.34272329014434E-016       0.398070619481074  -1.56788112444173E-020 
       19.1979949874687                       0   4.08780784551218E-016       0.465904257577489  -1.47584737343704E-020 
       19.2481203007519                       0   3.83289240088004E-016         0.5337378956739  -1.38381362243235E-020 
       19.2982456140351                       0   3.57797695624788E-016       0.601571533770315  -1.29177987142766E-020 
       19.3483709273183                       0   3.32306151161574E-016       0.669405171866725  -1.19974612042297E-020 
       19.3984962406015                       0    3.0681460669836E-016       0.737238809963136  -1.10771236941828E-020 
       19.4486215538847                       0   2.81323062235146E-016       0.805072448059546  -1.01567861841359E-020 
       19.4987468671679                       0    2.5583151777193E-016       0.872906086155961  -9.23644867408897E-021 
       19.5488721804511                       0   2.34632343572058E-016       0.951005193561703  -2.43537211470459E-020 
       19.5989974937343                       0   2.08562083175161E-016        1.04588393632606  -2.16477521307073E-020 
       19.6491228070175                       0   1.82491822778268E-016         1.1407626790904  -1.89417831143691E-020 
       19.6992481203008                       0   1.56421562381372E-016        1.23564142185475  -1.62358140980306E-020 
        19.749373433584                       0   1.30351301984477E-016         1.3305201646191  -1.35298450816922E-020 
       19.7994987468672                       0   1.04281041587581E-016        1.42539890738346  -1.08238760653537E-020 
       19.8496240601504                       0    7.8210781190686E-017        1.52027765014781  -8.11790704901529E-021 
       19.8997493734336                       0   5.21405207937913E-017        1.61515639291215  -5.41193803267692E-021 
       19.9498746867168                       0   2.60702603968966E-017         1.7100351356765  -2.70596901633856E-021 
                     20                       0                       0        1.80491387844086                       0 
