                      0                       0   -7.1163539102549E-018       -803.480590820313   1.56068156403714E-018 
      0.050125313283208                       0   2.10247548197199E-016       -803.236111898358  -4.06355964620667E-017 
      0.100250626566416                       0    9.6054441063388E-016       -803.526966476962  -6.91790514681594E-017 
      0.150375939849624                       0   2.03994441200574E-015       -805.338200183465  -3.40618937928014E-017 
      0.200501253132832                       0   2.20316660360985E-015       -807.571973721902    1.0278559930354E-017 
       0.25062656641604                       0   1.84268916350684E-015       -809.062404565125   2.84376099303741E-017 
      0.300751879699248                       0    1.3900282251451E-015       -809.783017021651   1.94171028191316E-017 
      0.350877192982456                       0   1.22128561334475E-015       -810.216557376366   6.68304488079891E-018 
      0.401002506265664                       0   1.24595015285406E-015       -810.833043650988  -7.35122488076694E-018 
      0.451127819548872                       0   1.33457419798531E-015       -811.857939070084  -5.22282446291438E-018 
       0.50125313283208                       0   1.35573806485284E-015       -813.216099422442   1.29021898578433E-018 
      0.551378446115288                       0   1.24610911249413E-015       -814.799149627505   6.21868170277098E-018 
      0.601503759398496                       0   1.10619338684356E-015        -816.66057715806   9.43295636239018E-018 
      0.651629072681704                       0   1.00640160908269E-015       -818.899739526637   1.18281141522057E-017 
      0.701754385964912                       0   7.24645271360124E-016       -821.588700918865   1.82766662203859E-017 
       0.75187969924812                       0   2.89430678207074E-016       -824.757810959252   2.64161119320979E-017 
      0.802005012531328                       0  -3.43633332282349E-016       -828.383641577092   3.58453270525301E-017 
      0.852130325814536                       0   -7.4288032648138E-016       -832.402670146746   4.06299932417249E-017 
      0.902255639097744                       0  -1.70608174136341E-015       -836.660192880744   4.90465836003048E-017 
      0.952380952380952                       0   -2.2590470158691E-015       -840.957681138366   5.20273043026433E-017 
       1.00250626566416                       0  -3.48037293451882E-015        -845.05278381237   5.54001914244689E-017 
       1.05263157894737                       0    -4.122041459567E-015       -848.770506897651    5.5615716613989E-017 
       1.10275689223058                       0  -5.43893151658544E-015       -851.903551137615   5.38201235209071E-017 
       1.15288220551378                       0  -6.08416800788135E-015       -854.293326381828   5.19377612431177E-017 
       1.20300751879699                       0  -6.71543765377859E-015        -855.92156976096   4.97952307058966E-017 
        1.2531328320802                       0  -7.93894824717964E-015       -856.738574652535   4.69494225195685E-017 
       1.30325814536341                       0  -8.50200597790653E-015       -856.551652078909    4.3054839739176E-017 
       1.35338345864662                       0   -9.0401595462481E-015       -855.497748595257   3.91336823702394E-017 
       1.40350877192982                       0  -9.55109678420629E-015        -853.60884012112   3.63532636679089E-017 
       1.45363408521303                       0  -1.00347065499676E-014       -850.875490896597   3.37249642267835E-017 
       1.50375939849624                       0  -1.04908510305979E-014       -847.316918353976   3.12143453120688E-017 
       1.55388471177945                       0  -1.09184686102116E-014       -842.956169698933   2.88310044016198E-017 
       1.60401002506266                       0  -1.13186582736387E-014       -837.817204018355   2.65193298315053E-017 
       1.65413533834586                       0  -1.16907879746486E-014       -831.927874660912   2.42528728148726E-017 
       1.70426065162907                       0  -1.20346078195017E-014       -825.319860122054   2.20759440854064E-017 
       1.75438596491228                       0   -1.2350175859668E-014       -818.023321406149   1.99700532937825E-017 
       1.80451127819549                       0  -1.26367179886308E-014       -810.070183179288   1.78722608731007E-017 
        1.8546365914787                       0  -1.28931546071004E-014       -801.497253930931   1.58110681595399E-017 
        1.9047619047619                       0  -1.31193091838978E-014       -792.340768043188   1.38420730081932E-017 
       1.95488721804511                       0  -1.33155097590939E-014       -782.637327131587   1.19742676603865E-017 
       2.00501253132832                       0  -1.34817849971373E-014       -772.421126817574   1.01502441201436E-017 
       2.05513784461153                       0  -1.36166633742985E-014       -761.725047096153    8.2862750875887E-018 
       2.10526315789474                       0   -1.3718258041395E-014        -750.58277242926   6.42219646838402E-018 
       2.15538847117795                       0  -1.36798314159162E-014       -738.981913458742   6.40420706056726E-018 
       2.20551378446115                       0  -1.37470780312563E-014       -726.947039340031   4.59820753703377E-018 
       2.25563909774436                       0  -1.37803439455039E-014       -714.577241295368   2.88949935868064E-018 
       2.30576441102757                       0  -1.37804873088616E-014       -701.903630994091   1.27414815305166E-018 
       2.35588972431078                       0  -1.37471085267356E-014       -688.953757043447  -3.20860632353302E-019 
       2.40601503759398                       0  -1.37080548368746E-014       -675.668393993978  -3.19949110370321E-019 
       2.45614035087719                       0  -1.36396772233384E-014       -662.154166896116  -1.85835666707975E-018 
        2.5062656641604                       0  -1.35359888438111E-014       -648.460768071044  -3.34633024392371E-018 
       2.55639097744361                       0  -1.34972035814286E-014       -634.601118351963  -3.33674185714039E-018 
       2.60651629072682                       0  -1.33583242060862E-014       -620.537104368042  -4.79128058502518E-018 
       2.65664160401002                       0  -1.31841478137958E-014       -606.382972025581  -6.14885506348687E-018 
       2.70676691729323                       0   -1.2976020941859E-014       -592.149305014486  -7.38467434155713E-018 
       2.75689223057644                       0  -1.29384093794852E-014       -577.818461213643  -7.36326954105224E-018 
       2.80701754385965                       0  -1.26977280511908E-014       -563.457138304054  -8.53624155194392E-018 
       2.85714285714286                       0  -1.24238587804565E-014       -549.072810979831  -9.65526746880634E-018 
       2.90726817042607                       0  -1.23875313112845E-014       -534.691703344423  -9.62703538427293E-018 
       2.95739348370927                       0  -1.20818961673298E-014       -520.337440497671  -1.06540229774173E-017 
       3.00751879699248                       0  -1.20463614563651E-014       -506.014494711702  -1.06226878606549E-017 
       3.05764411027569                       0  -1.17101845012572E-014       -491.788223668674  -1.15629242637456E-017 
        3.1077694235589                       0  -1.13436670497432E-014       -477.613249236402  -1.24126816428077E-017 
       3.15789473684211                       0  -1.13100061942817E-014       -463.571139493208  -1.23758486256858E-017 
       3.20802005012531                       0  -1.09158594786922E-014       -449.643733456505  -1.31103848756779E-017 
       3.25814536340852                       0  -1.08832745971328E-014       -435.821387385975  -1.30712491265226E-017 
       3.30827067669173                       0  -1.04637409907874E-014       -422.212311228299  -1.36998253634591E-017 
       3.35839598997494                       0  -1.00194273688068E-014       -408.667651266917  -1.42440453156282E-017 
       3.40852130325815                       0  -9.98924847092179E-015       -395.427595227893  -1.42011417071458E-017 
       3.45864661654135                       0  -9.52314946790637E-015       -382.269034937597  -1.46515863906715E-017 
       3.50877192982456                       0  -9.49429161973478E-015       -369.389132971597  -1.46071879217658E-017 
       3.55889724310777                       0  -9.00859289911781E-015       -356.660682211092  -1.49647691225171E-017 
       3.60902255639098                       0  -8.98112764562705E-015        -344.18191969394  -1.49191447745214E-017 
       3.65914786967419                       0  -8.47795326334228E-015        -331.91656573061  -1.51869402993869E-017 
       3.70927318295739                       0  -8.45194730965269E-015       -319.877425245203  -1.51403546608673E-017 
        3.7593984962406                       0  -7.93379356696813E-015       -308.097804256453  -1.53083484897485E-017 
       3.80952380952381                       0  -7.90930623981602E-015       -296.531459008701  -1.52610999024916E-017 
       3.85964912280702                       0    -7.378963899314E-015       -285.249165536609  -1.53367953867593E-017 
       3.90977443609023                       0  -7.35604795825854E-015       -274.183863968602  -1.52891657867425E-017 
       3.95989974937343                       0  -6.81600965418768E-015       -263.402108920705  -1.52842064424542E-017 
       4.01002506265664                       0  -6.79470962946808E-015       -252.863441324305   -1.5236443309542E-017 
       4.06015037593985                       0  -6.24747911786829E-015        -242.57754487851  -1.51535191194479E-017 
       4.11027568922306                       0   -6.2278330494091E-015        -232.58565359298  -1.51058667674509E-017 
       4.16040100250627                       0  -5.67597080563703E-015       -222.783454867163  -1.49485247059695E-017 
       4.21052631578947                       0  -5.65800882967637E-015       -213.353708336379  -1.49012191347095E-017 
       4.26065162907268                       0  -5.10418426982607E-015       -204.017164372219  -1.46692917267042E-017 
       4.31077694235589                       0  -5.08792895828536E-015        -195.16016672325  -1.46225743876558E-017 
        4.3609022556391                       0  -5.07167364674465E-015       -186.303169074282  -1.45758570486073E-017 
       4.41102756892231                       0  -4.52038186498768E-015       -177.987868432697  -1.42803540677942E-017 
       4.46115288220551                       0  -4.50584692113621E-015       -169.709015829617  -1.42344366761326E-017 
       4.51127819548872                       0   -3.9578352396571E-015       -161.811808116059  -1.38848466994891E-017 
       4.56140350877193                       0  -3.94502666044493E-015       -154.112126737785  -1.38399117418594E-017 
       4.61152882205514                       0  -3.40266040357403E-015       -146.600830462635  -1.34349701694815E-017 
       4.66165413533835                       0  -3.39157680883338E-015       -139.476421556477  -1.33912080107439E-017 
       4.71177944862155                       0  -3.38049321409273E-015       -132.352012650318  -1.33474458520063E-017 
       4.76190476190476                       0  -2.84782651753125E-015       -125.761585112726  -1.28968741067642E-017 
       4.81203007518797                       0  -2.83845860677515E-015        -119.20447265379  -1.28544499053878E-017 
       4.86215538847118                       0  -2.31590986956144E-015       -112.924610022885   -1.2370397090693E-017 
       4.91228070175439                       0  -2.30824138712625E-015       -106.923036243106  -1.23294360092394E-017 
       4.96240601503759                       0  -2.30057290469106E-015       -100.921462463327  -1.22884749277858E-017 
        5.0125313283208                       0   -1.7918372994577E-015       -95.4592522169951  -1.17684767458384E-017 
       5.06265664160401                       0  -1.78584448923118E-015       -89.9972950471767   -1.1729117007198E-017 
       5.11278195488722                       0  -1.29103545914048E-015       -84.7652907051658  -1.11936611325566E-017 
       5.16290726817043                       0  -1.28668853413047E-015       -79.8243773221227  -1.11559720007932E-017 
       5.21303258145363                       0  -1.28234160912045E-015       -74.8834639390797  -1.11182828690298E-017 
       5.26315789473684                       0  -8.04702924164473E-016       -70.3532296492835  -1.05624852303076E-017 
       5.31328320802005                       0  -8.01965855121913E-016       -65.9112668163177  -1.05265586163135E-017 
       5.36340852130326                       0  -3.41296615506311E-016       -61.5374120818529  -9.96076963652362E-018 
       5.41353383458647                       0  -3.40127783694863E-016       -57.5704439196931  -9.92665718451348E-018 
       5.46365914786967                       0  -3.38958951883414E-016       -53.6034757575334  -9.89254473250335E-018 
       5.51378446115288                       0   1.01991751839546E-016         -49.81629869802  -9.34007877645098E-018 
       5.56390977443609                       0   1.01638841257781E-016       -46.2979233377873  -9.30776035289929E-018 
        5.6140350877193                       0   1.01285930676016E-016       -42.7795479775547   -9.2754419293476E-018 
       5.66416040100251                       0   5.21608372318568E-016       -39.5114655498319  -8.69428216897938E-018 
       5.71428571428571                       0   5.19784569985093E-016       -36.4145884015313  -8.66388263371658E-018 
       5.76441102756892                       0   5.17960767651618E-016       -33.3177112532306  -8.63348309845377E-018 
       5.81453634085213                       0   9.16861651077293E-016       -30.5036122957907  -8.07218563376172E-018 
       5.86466165413534                       0   9.13621830528513E-016       -27.7989601242792  -8.04366177429056E-018 
       5.91478696741855                       0   9.10382009979732E-016       -25.0943079527677  -8.01513791481939E-018 
       5.96491228070175                       0   1.28734618627713E-015       -22.6724886227308  -7.48020075788426E-018 
       6.01503759398496                       0   1.28274853164527E-015       -20.3301297968461  -7.45348581513746E-018 
       6.06516290726817                       0   1.27815087701342E-015       -17.9877709709613  -7.42677087239065E-018 
       6.11528822055138                       0   1.63304172961748E-015        -15.902325692812  -6.88975147350349E-018 
       6.16541353383459                       0   1.62714628110281E-015       -13.8930274196399  -6.86487876244275E-018 
       6.21553884711779                       0   1.62125083258814E-015       -11.8837291464678  -6.84000605138201E-018 
         6.265664160401                       0   1.95403385172671E-015       -10.0840768404056   -6.3271260564021E-018 
       6.31578947368421                       0   1.94690235800627E-015       -8.37798188757545  -6.30403440949957E-018 
       6.36591478696742                       0   1.93977086428583E-015       -6.67188693474537  -6.28094276259704E-018 
       6.41604010025063                       0   2.25062121234227E-015       -5.11373239974656  -5.79209770121675E-018 
       6.46616541353383                       0   2.24231634022169E-015        -3.6820008421335   -5.7707246552085E-018 
       6.51629072681704                       0    2.2340114681011E-015       -2.25026928452045  -5.74935160920025E-018 
       6.56641604010025                       0    2.5233348704555E-015      -0.895602703899235  -5.28664508472294E-018 
       6.61654135338346                       0   2.51391939674408E-015       0.289913715924076  -5.26691870262454E-018 
       6.66666666666667                       0   2.50450392303265E-015        1.47543013574739  -5.24719232052614E-018 
       6.71679197994987                       0   2.77286591004988E-015         2.6585200121498  -4.81191983279768E-018 
       6.76691729323308                       0    2.7624022764652E-015        3.62465767141303  -4.79376166446116E-018 
       6.81704260651629                       0   2.75193864288052E-015        4.59079533067625  -4.77560349612466E-018 
        6.8671679197995                       0   2.74147500929583E-015        5.55693298993948  -4.75744532778814E-018 
       6.91729323308271                       0   2.98856761408069E-015        6.40051373087833  -4.35180096724483E-018 
       6.96741854636591                       0   2.97711718485196E-015        7.17261610565374  -4.33512743148203E-018 
       7.01754385964912                       0   2.96566675562324E-015        7.94471848042914  -4.31845389571923E-018 
       7.06766917293233                       0   3.19332037986221E-015        8.68744490546601  -3.94011944435392E-018 
       7.11779448621554                       0   3.18094318158411E-015        9.28961058878032   -3.9248476789809E-018 
       7.16791979949875                       0   3.16856598330602E-015        9.89177627209463  -3.90957591360787E-018 
       7.21804511278195                       0   3.15618878502792E-015        10.4939419554089  -3.89430414823485E-018 
       7.26817042606516                       0   3.36428845655915E-015         11.002445419146  -3.54430995541435E-018 
       7.31829573934837                       0   3.35104318680377E-015        11.4566253426902   -3.5303559374809E-018 
       7.36842105263158                       0    3.3377979170484E-015        11.9108052662344  -3.51640191954744E-018 
       7.41854636591479                       0   3.52818952820547E-015        12.3637352284327  -3.19337915492121E-018 
       7.46867167919799                       0   3.51413300722967E-015         12.691493211465  -3.18065653877034E-018 
        7.5187969924812                       0   3.50007648625386E-015        13.0192511944974  -3.16793392261948E-018 
       7.56892230576441                       0   3.48601996527805E-015        13.3470091775297  -3.15521130646862E-018 
       7.61904761904762                       0   3.65818901258776E-015        13.6419366310491  -2.86235178912219E-018 
       7.66917293233083                       0    3.6435294734889E-015        13.8609177487185  -2.85088142555625E-018 
       7.71929824561403                       0   3.62886993439004E-015         14.079898866388   -2.8394110619903E-018 
       7.76942355889724                       0   3.61421039529118E-015        14.2988799840574  -2.82794069842436E-018 
       7.81954887218045                       0   3.77083954190449E-015        14.4723854127004  -2.57908821478371E-018 
       7.86967418546366                       0   3.75533409658936E-015        14.6016178684034  -2.56848317290038E-018 
       7.91979949874687                       0   3.73982865127423E-015        14.7308503241064  -2.55787813101705E-018 
       7.96992481203008                       0   3.72432320595911E-015        14.8600827798094  -2.54727308913372E-018 
       8.02005012531328                       0   3.86557662758858E-015        14.9438433379068  -2.36675730158427E-018 
       8.07017543859649                       0   3.84927673168619E-015        15.0000304782152  -2.35677744570281E-018 
        8.1203007518797                       0    3.8329768357838E-015        15.0562176185237  -2.34679758982136E-018 
       8.17042606516291                       0   3.81667693988141E-015        15.1124047588321  -2.33681773393991E-018 
       8.22055137844611                       0   3.94331454775681E-015        15.1269309103352  -2.15112560889453E-018 
       8.27067669172932                       0   3.92679045119575E-015        15.1187429952942  -2.14211151507932E-018 
       8.32080200501253                       0   3.91026635463469E-015        15.1105550802532  -2.13309742126411E-018 
       8.37092731829574                       0   3.89374225807363E-015        15.1023671652122  -2.12408332744891E-018 
       8.42105263157895                       0   4.00715480876712E-015        15.0661696898962  -1.86601171940938E-018 
       8.47117794486216                       0   3.98942408980674E-015        15.0095651802074  -1.85775505577831E-018 
       8.52130325814536                       0   3.97169337084635E-015        14.9529606705186  -1.84949839214723E-018 
       8.57142857142857                       0   3.95396265188596E-015        14.8963561608298  -1.84124172851616E-018 
       8.62155388471178                       0   4.05539804186011E-015        14.8247115251655  -1.61426550423467E-018 
       8.67167919799499                       0   4.03755030209716E-015         14.731809174157  -1.60716114842779E-018 
        8.7218045112782                       0   4.01970256233422E-015        14.6389068231486  -1.60005679262092E-018 
        8.7719298245614                       0   4.00185482257128E-015        14.5460044721401  -1.59295243681405E-018 
       8.82205513784461                       0   4.09245096737854E-015        14.4487074188091   -1.4340188344421E-018 
       8.87218045112782                       0   4.07453808262857E-015        14.3269760455718  -1.42774205450865E-018 
       8.92230576441103                       0    4.0566251978786E-015        14.2052446723344  -1.42146527457521E-018 
       8.97243107769424                       0   4.03871231312863E-015        14.0835132990971  -1.41518849464176E-018 
       9.02255639097744                       0   4.02079942837866E-015        13.9617819258598  -1.40891171470832E-018 
       9.07268170426065                       0    4.1007863186839E-015        13.8241350620158   -1.2705056888971E-018 
       9.12280701754386                       0   4.08179913260622E-015        13.6822704599622   -1.2646230785748E-018 
       9.17293233082707                       0   4.06281194652854E-015        13.5404058579086   -1.2587404682525E-018 
       9.22305764411028                       0   4.04382476045086E-015         13.398541255855   -1.2528578579302E-018 
       9.27318295739348                       0   4.11441489010696E-015         13.252259957062   -1.1299850863195E-018 
       9.32330827067669                       0   4.09492337258038E-015        13.0968554768751  -1.12463192561426E-018 
        9.3734335839599                       0   4.07543185505379E-015        12.9414509966882  -1.11927876490902E-018 
       9.42355889724311                       0    4.0559403375272E-015        12.7860465165013  -1.11392560420378E-018 
       9.47368421052632                       0   4.03644882000062E-015        12.6306420363144  -1.10857244349854E-018 
       9.52380952380952                       0   4.09853384246593E-015        12.4696119628765  -1.00072326920471E-018 
       9.57393483709273                       0   4.07910422811715E-015        12.3067769898506  -9.95979214882399E-019 
       9.62406015037594                       0   4.05967461376836E-015        12.1439420168246  -9.91235160560085E-019 
       9.67418546365915                       0   4.04024499941958E-015        11.9811070437986   -9.8649110623777E-019 
       9.72431077694235                       0   4.09488724058756E-015        11.8180511696841  -8.91810516997506E-019 
       9.77443609022556                       0   4.07503091863266E-015        11.6524803609765  -8.87486081254135E-019 
       9.82456140350877                       0   4.05517459667776E-015        11.4869095522689  -8.83161645510764E-019 
       9.87468671679198                       0   4.03531827472286E-015        11.3213387435614  -8.78837209767394E-019 
       9.92481203007519                       0   4.01546195276796E-015        11.1557679348538  -8.74512774024023E-019 
       9.97493734335839                       0   4.06289464998734E-015         10.990555964888  -7.92084685725612E-019 
       10.0250626566416                       0   4.04264770216062E-015        10.8262030793572  -7.88137426766711E-019 
       10.0751879699248                       0   4.02240075433389E-015        10.6618501938264  -7.84190167807809E-019 
        10.125313283208                       0   4.00215380650716E-015        10.4974973082956  -7.80242908848908E-019 
       10.1754385964912                       0   3.98190685868043E-015        10.3331444227648  -7.76295649890006E-019 
       10.2255639097744                       0    4.0228790210716E-015        10.1704774623145  -7.04610745808052E-019 
       10.2756892230576                       0    4.0022755253986E-015        10.0103799060286  -7.01002025690852E-019 
       10.3258145363409                       0   3.98167202972561E-015        9.85028234974275  -6.97393305573652E-019 
       10.3759398496241                       0   3.96106853405261E-015        9.69018479345687  -6.93784585456451E-019 
       10.4260651629073                       0   3.94046503837961E-015          9.530087237171  -6.90175865339251E-019 
       10.4761904761905                       0    3.9756486619247E-015        9.37252778531792  -6.27795021543553E-019 
       10.5263157894737                       0   3.95472075512293E-015        9.21906097158291  -6.24490293983669E-019 
       10.5764411027569                       0   3.93379284832115E-015        9.06559415784789  -6.21185566423783E-019 
       10.6265664160401                       0   3.91286494151938E-015        8.91212734411287  -6.17880838863899E-019 
       10.6766917293233                       0    3.8919370347176E-015        8.75866053037785  -6.14576111304013E-019 
       10.7268170426065                       0   3.92192625266337E-015         8.6073226645792  -5.60234383711951E-019 
       10.7769423558897                       0   3.90070392939408E-015        8.46231508238577  -5.57202843996071E-019 
       10.8270676691729                       0    3.8794816061248E-015        8.31730750019235   -5.5417130428019E-019 
       10.8771929824561                       0   3.85825928285552E-015        8.17229991799892   -5.5113976456431E-019 
       10.9273182957393                       0   3.83703695958623E-015         8.0272923358055   -5.4810822484843E-019 
       10.9774436090226                       0   3.86235374008649E-015        7.88228620888044  -5.00713779623517E-019 
       11.0275689223058                       0   3.84086551516996E-015        7.74694883890684  -4.97928055932886E-019 
        11.077694235589                       0   3.81937729025343E-015        7.61161146893323  -4.95142332242255E-019 
       11.1278195488722                       0    3.7978890653369E-015        7.47627409895962  -4.92356608551624E-019 
       11.1779448621554                       0   3.77640084042037E-015        7.34093672898601  -4.89570884860992E-019 
       11.2280701754386                       0   3.75491261550383E-015        7.20559935901241  -4.86785161170361E-019 
       11.2781954887218                       0   3.77578649840507E-015        7.07691505344157  -4.45739307564722E-019 
        11.328320802005                       0   3.75405907169875E-015        6.95221643728152  -4.43174340467317E-019 
       11.3784461152882                       0   3.73233164499243E-015        6.82751782112146  -4.40609373369911E-019 
       11.4285714285714                       0   3.71060421828612E-015        6.70281920496141  -4.38044406272506E-019 
       11.4786967418546                       0    3.6888767915798E-015        6.57812058880135    -4.354794391751E-019 
       11.5288220551378                       0     3.705990886085E-015        6.45478136957647  -3.99867190703642E-019 
       11.5789473684211                       0   3.68404935546992E-015         6.3410093348153  -3.97499754172772E-019 
       11.6290726817043                       0   3.66210782485484E-015        6.22723730005413  -3.95132317641902E-019 
       11.6791979949875                       0   3.64016629423976E-015        6.11346526529296  -3.92764881111031E-019 
       11.7293233082707                       0   3.61822476362468E-015        5.99969323053179  -3.90397444580161E-019 
       11.7794486215539                       0    3.5962832330096E-015        5.88592119577062  -3.88030008049291E-019 
       11.8295739348371                       0   3.60982968058082E-015         5.7777276140849  -3.57375895090518E-019 
       11.8796992481203                       0   3.58769738617118E-015        5.67524035417698  -3.55184781042228E-019 
       11.9298245614035                       0   3.56556509176153E-015        5.57275309426906  -3.52993666993939E-019 
       11.9799498746867                       0   3.54343279735189E-015        5.47026583436113  -3.50802552945649E-019 
       12.0300751879699                       0   3.52130050294225E-015        5.36777857445321   -3.4861143889736E-019 
       12.0802005012531                       0   3.49916820853261E-015        5.26529131454528   -3.4642032484907E-019 
       12.1303258145363                       0   3.50951994950027E-015        5.17071419432154  -3.20017029082178E-019 
       12.1804511278195                       0   3.48721889852729E-015          5.079031323588  -3.17983498519458E-019 
       12.2305764411028                       0   3.46491784755431E-015        4.98734845285446  -3.15949967956739E-019 
        12.280701754386                       0   3.44261679658132E-015        4.89566558212091  -3.13916437394018E-019 
       12.3308270676692                       0   3.42031574560834E-015        4.80398271138737  -3.11882906831299E-019 
       12.3809523809524                       0   3.39801469463536E-015        4.71229984065383  -3.09849376268579E-019 
       12.4310776942356                       0   3.40550879097113E-015        4.62971005463356  -2.87057000828043E-019 
       12.4812030075188                       0   3.38305938125038E-015         4.5489215846106  -2.85164696147497E-019 
        12.531328320802                       0   3.36060997152964E-015        4.46813311458764  -2.83272391466951E-019 
       12.5814536340852                       0    3.3381605618089E-015        4.38734464456468  -2.81380086786404E-019 
       12.6315789473684                       0   3.31571115208816E-015        4.30655617454172  -2.79487782105858E-019 
       12.6817042606516                       0   3.29326174236741E-015        4.22576770451877  -2.77595477425312E-019 
       12.7318295739348                       0   3.29779973788657E-015          4.152785540068  -2.57814914187431E-019 
        12.781954887218                       0   3.27476050938574E-015        4.08176988102906  -2.56013756691224E-019 
       12.8320802005013                       0   3.25172128088492E-015        4.01075422199012  -2.54212599195017E-019 
       12.8822055137845                       0   3.22868205238409E-015        3.93973856295118  -2.52411441698809E-019 
       12.9323308270677                       0   3.20564282388326E-015        3.86872290391224  -2.50610284202602E-019 
       12.9824561403509                       0   3.18260359538244E-015        3.79770724487329  -2.48809126706394E-019 
       13.0325814536341                       0   3.18497724448585E-015        3.73289909223212  -2.31628671598359E-019 
       13.0827067669173                       0   3.16228767457628E-015        3.67187597487928  -2.29978564067327E-019 
       13.1328320802005                       0   3.13959810466672E-015        3.61085285752644  -2.28328456536296E-019 
       13.1829573934837                       0   3.11690853475716E-015         3.5498297401736  -2.26678349005265E-019 
       13.2330827067669                       0    3.0942189648476E-015        3.48880662282077  -2.25028241474233E-019 
       13.2832080200501                       0   3.07152939493804E-015        3.42778350546793  -2.23378133943202E-019 
       13.3333333333333                       0   3.07179122535815E-015        3.36919141075384  -2.08467696664773E-019 
       13.3834586466165                       0   3.04856077030923E-015        3.31630821338627  -2.06891157407631E-019 
       13.4335839598998                       0   3.02533031526032E-015         3.2634250160187   -2.0531461815049E-019 
        13.483709273183                       0   3.00209986021141E-015        3.21054181865113  -2.03738078893348E-019 
       13.5338345864662                       0    2.9788694051625E-015        3.15765862128356  -2.02161539636206E-019 
       13.5839598997494                       0   2.95563895011359E-015        3.10477542391599  -2.00585000379064E-019 
       13.6340852130326                       0   2.93240849506467E-015        3.05189222654842  -1.99008461121922E-019 
       13.6842105263158                       0   2.93031807248116E-015        3.00642456643787   -1.8615295558591E-019 
        13.734335839599                       0   2.90701647021276E-015        2.96250044234243     -1.84672685518E-019 
       13.7844611528822                       0   2.88371486794437E-015        2.91857631824699   -1.8319241545009E-019 
       13.8345864661654                       0   2.86041326567597E-015        2.87465219415156   -1.8171214538218E-019 
       13.8847117794486                       0   2.83711166340758E-015        2.83072807005612   -1.8023187531427E-019 
       13.9348370927318                       0   2.81381006113918E-015        2.78680394596068  -1.78751605246361E-019 
        13.984962406015                       0    2.8098855860235E-015        2.74410198617148  -1.67725945470814E-019 
       14.0350877192982                       0   2.78652793752143E-015        2.70614346012715  -1.66331695221454E-019 
       14.0852130325815                       0   2.76317028901936E-015        2.66818493408282  -1.64937444972094E-019 
       14.1353383458647                       0   2.73981264051728E-015        2.63022640803848  -1.63543194722735E-019 
       14.1854636591479                       0   2.71645499201521E-015        2.59226788199415  -1.62148944473375E-019 
       14.2355889724311                       0   2.69309734351313E-015        2.55430935594982  -1.60754694224016E-019 
       14.2857142857143                       0   2.66973969501106E-015        2.51635082990549  -1.59360443974656E-019 
       14.3358395989975                       0   2.66412705524438E-015         2.4818449251512  -1.50178602358886E-019 
       14.3859649122807                       0   2.64072693067025E-015        2.45198040838937  -1.48859521875599E-019 
       14.4360902255639                       0   2.61732680609611E-015        2.42211589162753  -1.47540441392313E-019 
       14.4862155388471                       0   2.59392668152197E-015         2.3922513748657  -1.46221360909027E-019 
       14.5363408521303                       0   2.57052655694783E-015        2.36238685810387   -1.4490228042574E-019 
       14.5864661654135                       0   2.54712643237369E-015        2.33252234134204  -1.43583199942454E-019 
       14.6365914786967                       0   2.52372630779955E-015         2.3026578245802  -1.42264119459168E-019 
         14.68671679198                       0   2.51630728510281E-015        2.27452670071175  -1.34640423749188E-019 
       14.7368421052632                       0   2.49245961539042E-015        2.24820560239186  -1.33364402980773E-019 
       14.7869674185464                       0   2.46861194567804E-015        2.22188450407197  -1.32088382212357E-019 
       14.8370927318296                       0   2.44476427596566E-015        2.19556340575208  -1.30812361443942E-019 
       14.8872180451128                       0   2.42091660625327E-015        2.16924230743218  -1.29536340675527E-019 
        14.937343358396                       0   2.39706893654089E-015        2.14292120911229  -1.28260319907112E-019 
       14.9874686716792                       0   2.37322126682851E-015         2.1166001107924  -1.26984299138696E-019 
       15.0375939849624                       0   2.36408244921216E-015        2.09295519097985  -1.21337894557274E-019 
       15.0877192982456                       0    2.3402250474674E-015        2.07351432374496  -1.20113399659357E-019 
       15.1378446115288                       0   2.31636764572264E-015        2.05407345651007  -1.18888904761439E-019 
        15.187969924812                       0   2.29251024397787E-015        2.03463258927518  -1.17664409863522E-019 
       15.2380952380952                       0   2.26865284223311E-015        2.01519172204029  -1.16439914965604E-019 
       15.2882205513784                       0   2.24479544048835E-015         1.9957508548054  -1.15215420067687E-019 
       15.3383458646617                       0   2.22093803874359E-015        1.97630998757051   -1.1399092516977E-019 
       15.3884711779449                       0    2.2103281551206E-015        1.95684368115198   -1.1022529526129E-019 
       15.4385964912281                       0   2.18606827675012E-015        1.93719443281145  -1.09015496503493E-019 
       15.4887218045113                       0   2.16180839837964E-015        1.91754518447092  -1.07805697745696E-019 
       15.5388471177945                       0   2.13754852000917E-015        1.89789593613039  -1.06595898987899E-019 
       15.5889724310777                       0   2.11328864163869E-015        1.87824668778986  -1.05386100230102E-019 
       15.6390977443609                       0   2.08902876326822E-015        1.85859743944933  -1.04176301472305E-019 
       15.6892230576441                       0   2.06476888489774E-015         1.8389481911088  -1.02966502714508E-019 
       15.7393483709273                       0   2.04050900652727E-015        1.81929894276827  -1.01756703956711E-019 
       15.7894736842105                       0   2.02847886911512E-015        1.80582608400996  -1.00476792356342E-019 
       15.8395989974937                       0   2.00463617771001E-015        1.79519811815942  -9.92957905771263E-020 
       15.8897243107769                       0   1.98079348630491E-015        1.78457015230888  -9.81147887979102E-020 
       15.9398496240602                       0    1.9569507948998E-015        1.77394218645834  -9.69337870186942E-020 
       15.9899749373434                       0    1.9331081034947E-015         1.7633142206078  -9.57527852394781E-020 
       16.0401002506266                       0   1.90926541208959E-015        1.75268625475726  -9.45717834602621E-020 
       16.0902255639098                       0   1.88542272068448E-015        1.74205828890672  -9.33907816810459E-020 
        16.140350877193                       0   1.87222241329615E-015        1.73088746924361  -9.12369918463447E-020 
       16.1904761904762                       0   1.84762112214352E-015        1.71278353164404  -9.00381237074088E-020 
       16.2406015037594                       0   1.82301983099088E-015        1.69467959404446  -8.88392555684729E-020 
       16.2907268170426                       0   1.79841853983825E-015        1.67657565644487  -8.76403874295369E-020 
       16.3408521303258                       0   1.77381724868561E-015        1.65847171884529   -8.6441519290601E-020 
        16.390977443609                       0   1.74921595753297E-015        1.64036778124571   -8.5242651151665E-020 
       16.4411027568922                       0   1.72461466638034E-015        1.62226384364613  -8.40437830127292E-020 
       16.4912280701754                       0   1.70001337522771E-015        1.60415990604655  -8.28449148737932E-020 
       16.5413533834586                       0   1.68517071000763E-015        1.59052922532509  -7.87613534599053E-020 
       16.5914786967419                       0    1.6609960644543E-015        1.58828983929069  -7.76314811022345E-020 
       16.6416040100251                       0   1.63682141890096E-015        1.58605045325628  -7.65016087445637E-020 
       16.6917293233083                       0   1.61264677334763E-015        1.58381106722188   -7.5371736386893E-020 
       16.7418546365915                       0    1.5884721277943E-015        1.58157168118748  -7.42418640292222E-020 
       16.7919799498747                       0   1.56429748224096E-015        1.57933229515308  -7.31119916715514E-020 
       16.8421052631579                       0   1.54012283668763E-015        1.57709290911867  -7.19821193138806E-020 
       16.8922305764411                       0   1.51594819113429E-015        1.57485352308427  -7.08522469562098E-020 
       16.9423558897243                       0   1.49993514533289E-015        1.56575319003607  -6.77993914512587E-020 
       16.9924812030075                       0   1.47543069147139E-015        1.54126717351293  -6.66917521877715E-020 
       17.0426065162907                       0   1.45092623760989E-015        1.51678115698979  -6.55841129242843E-020 
       17.0927318295739                       0   1.42642178374839E-015        1.49229514046665   -6.4476473660797E-020 
       17.1428571428571                       0   1.40191732988689E-015        1.46780912394351  -6.33688343973098E-020 
       17.1929824561403                       0   1.37741287602539E-015        1.44332310742037  -6.22611951338226E-020 
       17.2431077694236                       0   1.35290842216389E-015        1.41883709089722  -6.11535558703353E-020 
       17.2932330827068                       0   1.32840396830239E-015        1.39435107437408  -6.00459166068481E-020 
         17.34335839599                       0   1.31125531378113E-015        1.37474523575902  -5.76911577602085E-020 
       17.3934837092732                       0   1.28643632832023E-015        1.38329938296433   -5.6599199549916E-020 
       17.4436090225564                       0   1.26161734285933E-015        1.39185353016963  -5.55072413396235E-020 
       17.4937343358396                       0   1.23679835739843E-015        1.40040767737494   -5.4415283129331E-020 
       17.5438596491228                       0   1.21197937193754E-015        1.40896182458024  -5.33233249190386E-020 
        17.593984962406                       0   1.18716038647664E-015        1.41751597178555   -5.2231366708746E-020 
       17.6441102756892                       0   1.16234140101574E-015        1.42607011899085  -5.11394084984535E-020 
       17.6942355889724                       0   1.13752241555484E-015        1.43462426619616   -5.0047450288161E-020 
       17.7443609022556                       0   1.11270343009395E-015        1.44317841340146  -4.89554920778685E-020 
       17.7944862155388                       0    1.0938416732471E-015        1.40445517404384  -4.68400217452652E-020 
       17.8446115288221                       0   1.06909902660524E-015        1.35357763242661  -4.57805026804082E-020 
       17.8947368421053                       0   1.04435637996337E-015        1.30270009080938  -4.47209836155511E-020 
       17.9448621553885                       0    1.0196137333215E-015        1.25182254919215   -4.3661464550694E-020 
       17.9949874686717                       0   9.94871086679634E-016        1.20094500757492  -4.26019454858369E-020 
       18.0451127819549                       0   9.70128440037769E-016        1.15006746595769  -4.15424264209799E-020 
       18.0952380952381                       0     9.453857933959E-016        1.09918992434046  -4.04829073561228E-020 
       18.1453634085213                       0   9.20643146754034E-016        1.04831238272323  -3.94233882912657E-020 
       18.1954887218045                       0   9.01148780425571E-016        1.01930449125246  -4.31485494710078E-020 
       18.2456140350877                       0   8.76115762333866E-016        1.05689708640666  -4.19499256222039E-020 
       18.2957393483709                       0    8.5108274424216E-016        1.09448968156086  -4.07513017734001E-020 
       18.3458646616541                       0   8.26049726150455E-016        1.13208227671506  -3.95526779245962E-020 
       18.3959899749373                       0   8.01016708058747E-016        1.16967487186926  -3.83540540757923E-020 
       18.4461152882206                       0   7.75983689967042E-016        1.20726746702346  -3.71554302269885E-020 
       18.4962406015038                       0   7.50950671875334E-016        1.24486006217766  -3.59568063781845E-020 
        18.546365914787                       0   7.25917653783629E-016        1.28245265733186  -3.47581825293807E-020 
       18.5964912280702                       0   7.00884635691923E-016        1.32004525248606  -3.35595586805768E-020 
       18.6466165413534                       0   6.79532998313408E-016        1.28017481523583  -2.45110978512051E-020 
       18.6967418546366                       0   6.54235810310159E-016        1.16229996964549  -2.35986155257743E-020 
       18.7468671679198                       0   6.28938622306911E-016        1.04442512405515  -2.26861332003436E-020 
        18.796992481203                       0   6.03641434303663E-016       0.926550278464808  -2.17736508749129E-020 
       18.8471177944862                       0   5.78344246300414E-016        0.80867543287446  -2.08611685494821E-020 
       18.8972431077694                       0   5.53047058297167E-016       0.690800587284121  -1.99486862240514E-020 
       18.9473684210526                       0   5.27749870293919E-016       0.572925741693781  -1.90362038986206E-020 
       18.9974937343358                       0    5.0245268229067E-016       0.455050896103433  -1.81237215731899E-020 
        19.047619047619                       0   4.77155494287422E-016       0.337176050513094  -1.72112392477591E-020 
       19.0977443609023                       0   4.54259732631788E-016       0.326263053496578  -1.98981463663484E-020 
       19.1478696741855                       0    4.2907336449755E-016       0.405011715589106  -1.87948963893621E-020 
       19.1979949874687                       0   4.03886996363311E-016       0.483760377681641  -1.76916464123758E-020 
       19.2481203007519                       0   3.78700628229074E-016       0.562509039774169  -1.65883964353896E-020 
       19.2982456140351                       0   3.53514260094835E-016       0.641257701866704  -1.54851464584033E-020 
       19.3483709273183                       0   3.28327891960598E-016       0.720006363959232  -1.43818964814171E-020 
       19.3984962406015                       0    3.0314152382636E-016       0.798755026051761  -1.32786465044309E-020 
       19.4486215538847                       0   2.77955155692123E-016        0.87750368814429  -1.21753965274447E-020 
       19.4987468671679                       0   2.52768787557884E-016       0.956252350236824  -1.10721465504584E-020 
       19.5488721804511                       0   2.32153677652753E-016        1.04491585208584  -2.75481788077585E-020 
       19.5989974937343                       0   2.06358824580224E-016        1.14978586049972  -2.44872700513407E-020 
       19.6491228070175                       0   1.80563971507698E-016        1.25465586891358  -2.14263612949234E-020 
       19.6992481203008                       0   1.54769118435169E-016        1.35952587732745  -1.83654525385057E-020 
        19.749373433584                       0   1.28974265362641E-016        1.46439588574132  -1.53045437820881E-020 
       19.7994987468672                       0   1.03179412290112E-016        1.56926589415519  -1.22436350256704E-020 
       19.8496240601504                       0   7.73845592175844E-017        1.67413590256906  -9.18272626925282E-021 
       19.8997493734336                       0   5.15897061450569E-017        1.77900591098293  -6.12181751283529E-021 
       19.9498746867168                       0   2.57948530725293E-017        1.88387591939679  -3.06090875641775E-021 
                     20                       0                       0        1.98874592781067                       0 
