                      0                       0   -1.5574797718925E-017      -0.189512312412262    5.0407103244328E-018 
      0.050125313283208                       0   1.35488792307188E-016      -0.189499214073413  -1.17875945097367E-016 
      0.100250626566416                       0   7.90100310329941E-016      -0.189529753444861  -2.10546202678907E-016 
      0.150375939849624                       0   1.66166249881767E-015      -0.189668517155636  -5.49235142321778E-017 
      0.200501253132832                       0   1.78968614538235E-015       -0.18981353393557   2.52507298593602E-017 
       0.25062656641604                       0     1.695542909532E-015      -0.189914527385422   3.81499203414167E-017 
      0.300751879699248                       0   1.56691617460167E-015      -0.189982617388491   2.03203051352445E-017 
      0.350877192982456                       0   1.52000286046651E-015      -0.190046891006614  -5.54814429867564E-018 
      0.401002506265664                       0   1.56166905814724E-015      -0.190129688316843  -1.37678870084856E-017 
      0.451127819548872                       0   1.59743741608048E-015      -0.190238645926382  -4.06396594543736E-018 
       0.50125313283208                       0   1.58640951207102E-015      -0.190370413255076  -3.20208045533279E-018 
      0.551378446115288                       0   1.57033564883702E-015      -0.190533504972909  -6.45700495069694E-018 
      0.601503759398496                       0   1.50598801440531E-015      -0.190742349764599   4.96651347428176E-019 
      0.651629072681704                       0   1.42853579002078E-015      -0.190996714606751   1.40387417158146E-017 
      0.701754385964912                       0   1.11587842702374E-015      -0.191288362368875   4.41691464580752E-017 
       0.75187969924812                       0   5.33286811831105E-016      -0.191593391055082   7.67268075562236E-017 
      0.802005012531328                       0    1.3546147542519E-016      -0.191902478312722    9.4708476788602E-017 
      0.852130325814536                       0  -3.30687715568081E-016       -0.19222672385815   1.08998315340129E-016 
      0.902255639097744                       0  -1.44247878168175E-015      -0.192594226414797   1.32566717861626E-016 
      0.952380952380952                       0  -2.05624223603667E-015      -0.193001251774594   1.41745160733729E-016 
       1.00250626566416                       0  -3.33031495584605E-015      -0.193432335930515    1.5486422493045E-016 
       1.05263157894737                       0  -3.96828140141167E-015       -0.19386934304955   1.56367587995392E-016 
       1.10275689223058                       0  -4.59777898745606E-015      -0.194295419824878   1.54236453583314E-016 
       1.15288220551378                       0  -5.21104688937924E-015       -0.19469909562614   1.49456410165354E-016 
       1.20300751879699                       0  -6.38393113090374E-015      -0.195070832606209   1.35865970174053E-016 
        1.2531328320802                       0  -6.92109332359866E-015      -0.195399452395371   1.27458713844147E-016 
       1.30325814536341                       0  -7.42966271587632E-015      -0.195686457170464   1.19541168483228E-016 
       1.35338345864662                       0  -7.91267844045073E-015        -0.1959295773142   1.12498926065536E-016 
       1.40350877192982                       0  -8.37230495728297E-015      -0.196126724413034   1.06218087933447E-016 
       1.45363408521303                       0  -8.81146810706573E-015      -0.196276977410477   1.00866102726308E-016 
       1.50375939849624                       0  -9.23654700945731E-015      -0.196380515157238   9.69533026293528E-017 
       1.55388471177945                       0  -9.64442153237778E-015      -0.196431698624257   9.42870724392933E-017 
       1.60401002506266                       0  -1.00321092629063E-014      -0.196426364702965   9.01474422267712E-017 
       1.65413533834586                       0  -1.04063979294798E-014      -0.196367655562036   8.38664755991034E-017 
       1.70426065162907                       0  -1.07630845804325E-014      -0.196254282636762   7.82454956245474E-017 
       1.75438596491228                       0  -1.10980305604675E-014      -0.196084013135181   7.33282764529933E-017 
       1.80451127819549                       0  -1.14124204485498E-014      -0.195857901474925   6.81147238296486E-017 
        1.8546365914787                       0  -1.17058921393284E-014      -0.195577314613138   6.31915259913841E-017 
        1.9047619047619                       0   -1.1980272422352E-014      -0.195243466186733   5.87856754459565E-017 
       1.95488721804511                       0  -1.22369787302908E-014      -0.194857482406675   5.48129662706787E-017 
       2.00501253132832                       0  -1.24814346095122E-014      -0.194420305963391   5.11800188486352E-017 
       2.05513784461153                       0  -1.26975717491604E-014      -0.193932766385488   4.76921956831967E-017 
       2.10526315789474                       0  -1.29109233061229E-014      -0.193395701292781   4.43532534249467E-017 
       2.15538847117795                       0   -1.2880491503289E-014      -0.192799332689013   4.42487102074506E-017 
       2.20551378446115                       0  -1.30660074947502E-014      -0.192152753358069   4.09045957072444E-017 
       2.25563909774436                       0  -1.32422843166856E-014      -0.191458033721375   3.75307632829297E-017 
       2.30576441102757                       0   -1.3402760338359E-014       -0.19071645187396   3.39865769630965E-017 
       2.35588972431078                       0  -1.35388954997521E-014      -0.189929419916956   3.01900587051361E-017 
       2.40601503759398                       0  -1.35088724945367E-014      -0.189088451412186   3.01231111251083E-017 
       2.45614035087719                       0  -1.36293913794554E-014      -0.188197007982862   2.64183656467649E-017 
        2.5062656641604                       0  -1.37302820161022E-014      -0.187263406446078   2.32906673444374E-017 
       2.55639097744361                       0  -1.38154959827221E-014      -0.186289472116064   2.06488178966044E-017 
       2.60651629072682                       0  -1.37862055686549E-014      -0.185267990907473   2.06050400672057E-017 
       2.65664160401002                       0  -1.38523649909184E-014       -0.18419877964105   1.80952070023823E-017 
       2.70676691729323                       0  -1.38974385991028E-014      -0.183094859103281   1.55427593020604E-017 
       2.75689223057644                       0  -1.39232871089547E-014      -0.181957969482012   1.28096512545863E-017 
       2.80701754385965                       0  -1.38809666774332E-014      -0.180769549800801   1.27707157672626E-017 
       2.85714285714286                       0   -1.3887604709636E-014       -0.17954973370503   1.03238073046667E-017 
       2.90726817042607                       0  -1.38742844040082E-014       -0.17830248710201   8.57385720613389E-018 
       2.95739348370927                       0  -1.38333028996237E-014      -0.177012855197226   8.54853196726363E-018 
       3.00751879699248                       0  -1.38004604758749E-014       -0.17569299167549   6.50425471594167E-018 
       3.05764411027569                       0  -1.37469489259706E-014      -0.174351208041838   3.38428643008052E-018 
        3.1077694235589                       0   -1.3707499348721E-014      -0.172971633175608   3.37457455367236E-018 
       3.15789473684211                       0  -1.36337317762172E-014      -0.171568486453839   3.42809884607922E-021 
       3.20802005012531                       0  -1.35387331589192E-014      -0.170148211725873  -3.18185602637795E-018 
       3.25814536340852                       0  -1.35009962625266E-014      -0.168690301858371  -3.17298714848561E-018 
       3.30827067669173                       0  -1.33805753278481E-014       -0.16721904275625  -6.46087710545169E-018 
       3.35839598997494                       0  -1.33314850308614E-014      -0.165727077288198  -6.43717361228118E-018 
       3.40852130325815                       0  -1.31924711075898E-014      -0.164212910979319  -9.68519894109159E-018 
       3.45864661654135                       0  -1.30360139752824E-014      -0.162689327966284  -1.25010966757087E-017 
       3.50877192982456                       0  -1.30011464233049E-014      -0.161142028864792  -1.24676598721779E-017 
       3.55889724310777                       0  -1.28217947100262E-014      -0.159586035172172  -1.48491423169052E-017 
       3.60902255639098                       0  -1.27766666148156E-014      -0.158015831036821  -1.47968786889632E-017 
       3.65914786967419                       0  -1.25790588429341E-014      -0.156433374350391  -1.69964830716341E-017 
       3.70927318295739                       0  -1.25462620999075E-014      -0.154844169279854  -1.69521690021463E-017 
        3.7593984962406                       0  -1.23247153219533E-014      -0.153241878455633  -1.89992135342997E-017 
       3.80952380952381                       0  -1.20832400174346E-014      -0.151636930308495  -2.08866505710601E-017 
       3.85964912280702                       0  -1.20424071373842E-014      -0.150021929572963  -2.08160683351539E-017 
       3.90977443609023                       0  -1.17870103829087E-014      -0.148405276978514  -2.25551178463568E-017 
       3.95989974937343                       0  -1.17575010379268E-014      -0.146783396192356  -2.24986500286478E-017 
       4.01002506265664                       0  -1.14901062320838E-014      -0.145160428899741  -2.40996647358104E-017 
       4.06015037593985                       0  -1.14522670669823E-014      -0.143535608021462   -2.4020299830525E-017 
       4.11027568922306                       0   -1.1163961713969E-014      -0.141911199893001  -2.54667044411237E-017 
       4.16040100250627                       0  -1.11276446497219E-014      -0.140287269657044  -2.53838596620885E-017 
       4.21052631578947                       0  -1.08253938026199E-014      -0.138665762137197  -2.66958409572065E-017 
       4.26065162907268                       0  -1.07906102890148E-014      -0.137046481522543  -2.66100634636515E-017 
       4.31077694235589                       0  -1.04751404012725E-014      -0.135431681658054  -2.77992223115725E-017 
        4.3609022556391                       0   -1.0441897915989E-014      -0.133820672141658  -2.77110024688605E-017 
       4.41102756892231                       0  -1.01138777225153E-014      -0.132215836792157  -2.87920275599704E-017 
       4.46115288220551                       0  -1.00821806139351E-014      -0.130616592693583  -2.87017927312675E-017 
       4.51127819548872                       0  -9.74219812448826E-015      -0.129024433014017  -2.96919898770423E-017 
       4.56140350877193                       0  -9.71204753975095E-015      -0.127440280015494  -2.96000977962852E-017 
       4.61152882205514                       0  -9.36058716139204E-015      -0.125862971290875   -3.0518106022441E-017 
       4.66165413533835                       0  -9.33198193810705E-015      -0.124297068420048  -3.04248450739604E-017 
       4.71177944862155                       0  -8.96779293652733E-015      -0.122736278819896  -3.12816123704156E-017 
       4.76190476190476                       0  -8.93396365297075E-015      -0.121191613229097  -3.11636084710754E-017 
       4.81203007518797                       0  -8.55487242116451E-015      -0.119648533773641  -3.19560657084235E-017 
       4.86215538847118                       0  -8.52934585162072E-015       -0.11812792637109  -3.18607131779013E-017 
       4.91228070175439                       0  -8.50381928207692E-015      -0.116607318968539  -3.17653606473792E-017 
       4.96240601503759                       0   -8.1171117087116E-015       -0.11510937587806  -3.25105516166425E-017 
        5.0125313283208                       0  -8.08711559961396E-015      -0.113615441220439  -3.23904115855437E-017 
       5.06265664160401                       0  -7.69404108856088E-015       -0.11213864552315  -3.30832454028245E-017 
       5.11278195488722                       0  -7.67156398880052E-015      -0.110673693376915  -3.29865971787305E-017 
       5.16290726817043                       0  -7.27123167766625E-015      -0.109217724649212  -3.35833176994523E-017 
       5.21303258145363                       0   -7.2450165447681E-015      -0.107783746366968  -3.34622390190196E-017 
       5.26315789473684                       0  -7.21880141186994E-015      -0.106349768084725  -3.33411603385869E-017 
       5.31328320802005                       0  -6.81090721938128E-015      -0.104946777917684  -3.37623111117551E-017 
       5.36340852130326                       0  -6.78654814050581E-015       -0.10354559303234  -3.36415608544253E-017 
       5.41353383458647                       0   -6.3741143515342E-015      -0.102163829778841  -3.38911035527897E-017 
       5.46365914786967                       0  -6.35158263159812E-015      -0.100797622346344   -3.3771302618658E-017 
       5.51378446115288                       0  -5.93458671053964E-015     -0.0994358345893836  -3.39231842929075E-017 
       5.56390977443609                       0  -5.91385382634251E-015      -0.098106420853512  -3.38046713305317E-017 
        5.6140350877193                       0  -5.89312094214539E-015     -0.0967770071176404  -3.36861583681558E-017 
       5.66416040100251                       0  -5.47387009313628E-015      -0.095471764571135  -3.38068314115294E-017 
       5.71428571428571                       0  -5.45490569171969E-015     -0.0941801974937201  -3.36897065418115E-017 
       5.76441102756892                       0  -5.03241048856863E-015     -0.0928928962904538  -3.37620621277681E-017 
       5.81453634085213                       0  -5.01518165617838E-015     -0.0916401069655903  -3.36464751916726E-017 
       5.86466165413534                       0  -4.99795282378812E-015     -0.0903873176407269  -3.35308882555771E-017 
       5.91478696741855                       0  -4.57465346155876E-015     -0.0891556344678159  -3.35204719967569E-017 
       5.96491228070175                       0  -4.55912522309628E-015     -0.0879424240458381   -3.3406689851964E-017 
       6.01503759398496                       0  -4.54359698463379E-015     -0.0867292136238604  -3.32929077071711E-017 
       6.06516290726817                       0  -4.12057101915158E-015     -0.0855524293889314  -3.31776391882327E-017 
       6.11528822055138                       0  -4.10670473571628E-015     -0.0843793576973656  -3.30659919076592E-017 
       6.16541353383459                       0  -3.68247644369171E-015     -0.0832157345501922  -3.30841985381326E-017 
       6.21553884711779                       0  -3.66778264127148E-015     -0.0820834221165717  -3.29521861046563E-017 
         6.265664160401                       0  -3.65308883885125E-015     -0.0809511096829512    -3.282017367118E-017 
       6.31578947368421                       0  -3.23033703115783E-015     -0.0798395731951512  -3.30666049300577E-017 
       6.36591478696742                       0  -3.21967239456519E-015     -0.0787483828710158  -3.29574388209087E-017 
       6.41604010025063                       0  -3.20900775797255E-015     -0.0776571925468804  -3.28482727117597E-017 
       6.46616541353383                       0  -2.78784402466337E-015     -0.0765957571858282  -3.27586125285441E-017 
       6.51629072681704                       0  -2.77689244550946E-015     -0.0755455080354378  -3.26299257961068E-017 
       6.56641604010025                       0  -2.76594086635554E-015     -0.0744952588850474  -3.25012390636695E-017 
       6.61654135338346                       0  -2.34594961679624E-015     -0.0734823177432972  -3.19585608785467E-017 
       6.66666666666667                       0  -2.33679871847556E-015     -0.0724737308578493  -3.18338994028778E-017 
       6.71679197994987                       0  -1.91790656433536E-015     -0.0714655637728873  -3.13108432675884E-017 
       6.76691729323308                       0  -1.91050727192361E-015      -0.070497547083631  -3.11900458891845E-017 
       6.81704260651629                       0  -1.90310797951185E-015     -0.0695295303943748  -3.10692485107805E-017 
        6.8671679197995                       0   -1.4896457207082E-015      -0.068564309991119  -3.05825377085522E-017 
       6.91729323308271                       0  -1.48393991487451E-015     -0.0676360537775762  -3.04653970893831E-017 
       6.96741854636591                       0  -1.47823410904082E-015     -0.0667077975640334  -3.03482564702139E-017 
       7.01754385964912                       0  -1.06918114335065E-015     -0.0657825268619102  -2.98933596780518E-017 
       7.06766917293233                       0  -1.06511559018873E-015     -0.0648944026848199  -2.97796904053422E-017 
       7.11779448621554                       0  -1.06105003702681E-015     -0.0640062785077296  -2.96660211326326E-017 
       7.16791979949875                       0  -6.56768778945133E-016     -0.0631189919020633  -2.94558927916306E-017 
       7.21804511278195                       0  -6.54289758432321E-016     -0.0622698719126289  -2.93447094272647E-017 
       7.26817042606516                       0   -6.5181073791951E-016     -0.0614207519231944  -2.92335260628987E-017 
       7.31829573934837                       0  -6.49331717406698E-016       -0.06057163193376  -2.91223426985328E-017 
       7.36842105263158                       0  -2.54786333889063E-016     -0.0597571998736457    -2.874490952711E-017 
       7.41854636591479                       0  -2.53828166761214E-016     -0.0589461780238738  -2.86368094301327E-017 
       7.46867167919799                       0  -2.52869999633364E-016      -0.058135156174102  -2.85287093331555E-017 
        7.5187969924812                       0   1.32100194445719E-016     -0.0573521545695994  -2.77222783798818E-017 
       7.56892230576441                       0    1.3152470595046E-016     -0.0565789803745339  -2.76015075336546E-017 
       7.61904761904762                       0   1.30949217455202E-016     -0.0558058061794684  -2.74807366874275E-017 
       7.66917293233083                       0   5.06815334005585E-016     -0.0550515494881085  -2.65728156639317E-017 
       7.71929824561403                       0    5.0493423583064E-016     -0.0543154760852947  -2.64741878764622E-017 
       7.76942355889724                       0   5.03053137655694E-016     -0.0535794026824809  -2.63755600889927E-017 
       7.81954887218045                       0   8.71985314033296E-016      -0.052851195815173  -2.50479178802406E-017 
       7.86967418546366                       0   8.68237739067607E-016      -0.052151206951099  -2.49402681888067E-017 
       7.91979949874687                       0   8.64490164101918E-016      -0.051451218087025  -2.48326184973727E-017 
       7.96992481203008                       0    8.6074258913623E-016      -0.050751229222951  -2.47249688059388E-017 
       8.02005012531328                       0   1.22031088500873E-015     -0.0500818043705351   -2.3218925678907E-017 
       8.07017543859649                       0   1.21507454395623E-015     -0.0494172107327898  -2.31192935153158E-017 
        8.1203007518797                       0   1.20983820290373E-015     -0.0487526170950445  -2.30196613517245E-017 
       8.17042606516291                       0   1.55785986035721E-015     -0.0481028275790715  -2.21401118847927E-017 
       8.22055137844611                       0   1.55121455379536E-015     -0.0474714868555508  -2.20456696088652E-017 
       8.27067669172932                       0    1.5445692472335E-015     -0.0468401461320301  -2.19512273329377E-017 
       8.32080200501253                       0   1.53792394067165E-015     -0.0462088054085094  -2.18567850570103E-017 
       8.37092731829574                       0   1.87023245180711E-015     -0.0456082455246289   -2.1226485404198E-017 
       8.42105263157895                       0   1.86226828321487E-015      -0.045008905584873  -2.11360948710767E-017 
       8.47117794486216                       0   1.85430411462263E-015     -0.0444095656451171  -2.10457043379553E-017 
       8.52130325814536                       0   2.17482106407948E-015     -0.0438232242135913   -2.0244437001287E-017 
       8.57142857142857                       0   2.16561537513749E-015     -0.0432554103461144  -2.01587453584582E-017 
       8.62155388471178                       0    2.1564096861955E-015     -0.0426875964786375  -2.00730537156294E-017 
       8.67167919799499                       0   2.14720399725351E-015     -0.0421197826111606  -1.99873620728007E-017 
        8.7218045112782                       0   2.45644683865027E-015     -0.0415758792548348  -1.91738549948671E-017 
        8.7719298245614                       0   2.44606812511846E-015     -0.0410381324874875   -1.9092843696287E-017 
       8.82205513784461                       0   2.43568941158666E-015     -0.0405003857201402  -1.90118323977069E-017 
       8.87218045112782                       0   2.73425354475769E-015     -0.0399657817871213  -1.82097990155511E-017 
       8.92230576441103                       0   2.72113001850951E-015     -0.0394567759204424  -1.81223979126749E-017 
       8.97243107769424                       0   2.70800649226133E-015     -0.0389477700537634  -1.80349968097988E-017 
       9.02255639097744                       0   2.69488296601314E-015     -0.0384387641870845  -1.79475957069227E-017 
       9.07268170426065                       0   2.97939124564148E-015      -0.037939476420522  -1.71433255460395E-017 
       9.12280701754386                       0   2.96508375928946E-015     -0.0374579716196545  -1.70610007098378E-017 
       9.17293233082707                       0   2.95077627293745E-015      -0.036976466818787  -1.69786758736362E-017 
       9.22305764411028                       0   2.93646878658543E-015     -0.0364949620179195  -1.68963510374345E-017 
       9.27318295739348                       0   3.20927903787733E-015     -0.0360272628641143  -1.61188306163651E-017 
       9.32330827067669                       0   3.19579157719263E-015      -0.035572006033716  -1.60510888925524E-017 
        9.3734335839599                       0   3.18230411650792E-015     -0.0351167492033177  -1.59833471687398E-017 
       9.42355889724311                       0   3.16881665582321E-015     -0.0346614923729195  -1.59156054449271E-017 
       9.47368421052632                       0   3.42942575083585E-015     -0.0342218687061508  -1.51643748590912E-017 
       9.52380952380952                       0   3.41297977971215E-015     -0.0337915954521668  -1.50916533922448E-017 
       9.57393483709273                       0   3.39653380858845E-015     -0.0333613221981829  -1.50189319253984E-017 
       9.62406015037594                       0   3.38008783746475E-015      -0.032931048944199   -1.4946210458552E-017 
       9.67418546365915                       0   3.62762357337838E-015     -0.0325162430377679  -1.42230647974841E-017 
       9.72431077694235                       0    3.6102189815906E-015     -0.0321097166536551  -1.41548254579375E-017 
       9.77443609022556                       0   3.59281438980283E-015     -0.0317031902695423  -1.40865861183908E-017 
       9.82456140350877                       0   3.57540979801505E-015     -0.0312966638854294  -1.40183467788441E-017 
       9.87468671679198                       0   3.80948329819494E-015     -0.0309036850218827  -1.33229636098399E-017 
       9.92481203007519                       0    3.7889041429682E-015     -0.0305196868486526  -1.32509918187214E-017 
       9.97493734335839                       0   3.76832498774146E-015     -0.0301356886754226  -1.31790200276029E-017 
       10.0250626566416                       0   3.74774583251472E-015     -0.0297516905021926  -1.31070482364844E-017 
       10.0751879699248                       0    3.9695843909243E-015     -0.0293778183569298  -1.24472014231737E-017 
        10.125313283208                       0   3.95047218447598E-015     -0.0290151670327343  -1.23872723575901E-017 
       10.1754385964912                       0   3.93135997802766E-015     -0.0286525157085388  -1.23273432920064E-017 
       10.2255639097744                       0   3.91224777157934E-015     -0.0282898643843434  -1.22674142264228E-017 
       10.2756892230576                       0    4.1231485321966E-015     -0.0279326416095152  -1.16436526329183E-017 
       10.3258145363409                       0   4.10079891082611E-015     -0.0275901830360793  -1.15805379462455E-017 
       10.3759398496241                       0   4.07844928945562E-015     -0.0272477244626433  -1.15174232595726E-017 
       10.4260651629073                       0   4.05609966808513E-015     -0.0269052658892074  -1.14543085728998E-017 
       10.4761904761905                       0   4.03375004671465E-015     -0.0265628073157715  -1.13911938862269E-017 
       10.5263157894737                       0   4.23285883285911E-015     -0.0262391135180776  -1.08075042961321E-017 
       10.5764411027569                       0   4.21230128813646E-015     -0.0259157378013602  -1.07550159515685E-017 
       10.6265664160401                       0   4.19174374341382E-015     -0.0255923620846428   -1.0702527607005E-017 
       10.6766917293233                       0   4.17118619869117E-015     -0.0252689863679253  -1.06500392624414E-017 
       10.7268170426065                       0   4.35796439358518E-015     -0.0249567167444727  -1.00948375102017E-017 
       10.7769423558897                       0   4.33412768632456E-015     -0.0246513604801324  -1.00396218946431E-017 
       10.8270676691729                       0   4.31029097906394E-015     -0.0243460042157921  -9.98440627908448E-018 
       10.8771929824561                       0   4.28645427180331E-015     -0.0240406479514518  -9.92919066352589E-018 
       10.9273182957393                       0   4.46124905395366E-015     -0.0237381173093594  -9.40416979933677E-018 
       10.9774436090226                       0   4.43676758730869E-015     -0.0234497561489009  -9.35256365350593E-018 
       11.0275689223058                       0   4.41228612066373E-015     -0.0231613949884425  -9.30095750767509E-018 
        11.077694235589                       0   4.38780465401876E-015      -0.022873033827984  -9.24935136184425E-018 
       11.1278195488722                       0    4.3633231873738E-015     -0.0225846726675255  -9.19774521601341E-018 
       11.1779448621554                       0   4.52515111480265E-015     -0.0223064301540135  -8.70424879537374E-018 
       11.2280701754386                       0   4.49730196412769E-015     -0.0220340907658132   -8.6506802116812E-018 
       11.2781954887218                       0   4.46945281345273E-015     -0.0217617513776128  -8.59711162798865E-018 
        11.328320802005                       0   4.44160366277777E-015     -0.0214894119894125  -8.54354304429611E-018 
       11.3784461152882                       0   4.59172074979041E-015     -0.0212172327581489  -8.07937914521772E-018 
       11.4285714285714                       0   4.56613283786506E-015     -0.0209599923342066  -8.03435584061263E-018 
       11.4786967418546                       0   4.54054492593971E-015     -0.0207027519102644  -7.98933253600753E-018 
       11.5288220551378                       0   4.51495701401435E-015     -0.0204455114863221  -7.94430923140244E-018 
       11.5789473684211                       0     4.489369102089E-015     -0.0201882710623798  -7.89928592679734E-018 
       11.6290726817043                       0   4.63195725905445E-015     -0.0199353219383637  -7.47202439447185E-018 
       11.6791979949875                       0    4.6059016953244E-015     -0.0196923024628694  -7.42999296004484E-018 
       11.7293233082707                       0   4.57984613159435E-015     -0.0194492829873751  -7.38796152561784E-018 
       11.7794486215539                       0    4.5537905678643E-015     -0.0192062635118808  -7.34593009119083E-018 
       11.8295739348371                       0   4.52773500413425E-015     -0.0189632440363865  -7.30389865676383E-018 
       11.8796992481203                       0    4.6590190409986E-015     -0.0187269670376197  -6.90409793477076E-018 
       11.9298245614035                       0   4.62960806521239E-015     -0.0184973425946086  -6.86051445606026E-018 
       11.9799498746867                       0   4.60019708942618E-015     -0.0182677181515974  -6.81693097734976E-018 
       12.0300751879699                       0   4.57078611363996E-015     -0.0180380937085862  -6.77334749863926E-018 
       12.0802005012531                       0   4.54137513785375E-015     -0.0178084692655751  -6.72976401992876E-018 
       12.1303258145363                       0   4.66131549645062E-015     -0.0175865862432718  -6.35668973716015E-018 
       12.1804511278195                       0   4.63150031519407E-015     -0.0173695764041526  -6.31603043039377E-018 
       12.2305764411028                       0   4.60168513393753E-015     -0.0171525665650335  -6.27537112362739E-018 
        12.280701754386                       0   4.57186995268098E-015     -0.0169355567259143  -6.23471181686101E-018 
       12.3308270676692                       0   4.54205477142443E-015     -0.0167185468867951  -6.19405251009463E-018 
       12.3809523809524                       0   4.65254465584826E-015     -0.0165090322880608  -5.84785087432037E-018 
       12.4310776942356                       0   4.62237852651381E-015     -0.0163039004298748  -5.80993462872742E-018 
       12.4812030075188                       0   4.59221239717936E-015     -0.0160987685716889  -5.77201838313447E-018 
        12.531328320802                       0   4.56204626784491E-015      -0.015893636713503  -5.73410213754151E-018 
       12.5814536340852                       0   4.53188013851046E-015      -0.015688504855317  -5.69618589194856E-018 
       12.6315789473684                       0   4.63165936726586E-015     -0.0154895649062597  -5.37300924883307E-018 
       12.6817042606516                       0   4.59814614848574E-015     -0.0152956181628107  -5.33413185734432E-018 
       12.7318295739348                       0   4.56463292970563E-015     -0.0151016714193617  -5.29525446585557E-018 
        12.781954887218                       0   4.53111971092551E-015     -0.0149077246759127  -5.25637707436683E-018 
       12.8320802005013                       0    4.4976064921454E-015     -0.0147137779324637  -5.21749968287808E-018 
       12.8822055137845                       0   4.58813276379206E-015     -0.0145238292148765  -4.91844639135833E-018 
       12.9323308270677                       0    4.5574135101493E-015     -0.0143404153772357  -4.88551556524606E-018 
       12.9824561403509                       0   4.52669425650654E-015     -0.0141570015395949  -4.85258473913379E-018 
       13.0325814536341                       0   4.49597500286379E-015     -0.0139735877019541  -4.81965391302152E-018 
       13.0827067669173                       0   4.46525574922102E-015     -0.0137901738643133  -4.78672308690924E-018 
       13.1328320802005                       0   4.54911655033946E-015     -0.0136078247534678  -4.51050667865505E-018 
       13.1829573934837                       0   4.51509729631382E-015     -0.0134343464582286  -4.47677615740163E-018 
       13.2330827067669                       0   4.48107804228818E-015     -0.0132608681629894  -4.44304563614821E-018 
       13.2832080200501                       0   4.44705878826254E-015     -0.0130873898677501  -4.40931511489479E-018 
       13.3333333333333                       0    4.4130395342369E-015     -0.0129139115725109  -4.37558459364137E-018 
       13.3834586466165                       0   4.37902028021126E-015     -0.0127404332772716  -4.34185407238795E-018 
       13.4335839598998                       0   4.45165260759157E-015      -0.012573834936584  -4.08444716014335E-018 
        13.483709273183                       0   4.41745254216143E-015     -0.0124097239162183  -4.05306817071263E-018 
       13.5338345864662                       0   4.38325247673129E-015     -0.0122456128958526  -4.02168918128191E-018 
       13.5839598997494                       0   4.34905241130115E-015     -0.0120815018754869  -3.99031019185119E-018 
       13.6340852130326                       0   4.31485234587101E-015     -0.0119173908551212  -3.95893120242047E-018 
       13.6842105263158                       0   4.37954544490193E-015     -0.0117555754774942   -3.7185813584613E-018 
        13.734335839599                       0   4.34520967248171E-015     -0.0116003080345167  -3.68942756502395E-018 
       13.7844611528822                       0   4.31087390006149E-015     -0.0114450405915392  -3.66027377158659E-018 
       13.8345864661654                       0   4.27653812764128E-015     -0.0112897731485618  -3.63111997814923E-018 
       13.8847117794486                       0   4.24220235522106E-015     -0.0111345057055843  -3.60196618471187E-018 
       13.9348370927318                       0   4.20786658280084E-015     -0.0109792382626068  -3.57281239127452E-018 
        13.984962406015                       0   4.26481839718306E-015     -0.0108296384813184  -3.35026100501434E-018 
       14.0350877192982                       0   4.23039017149895E-015     -0.0106826988439845  -3.32321564663344E-018 
       14.0852130325815                       0   4.19596194581484E-015     -0.0105357592066506  -3.29617028825253E-018 
       14.1353383458647                       0   4.16153372013073E-015     -0.0103888195693167  -3.26912492987162E-018 
       14.1854636591479                       0   4.12710549444662E-015     -0.0102418799319827  -3.24207957149071E-018 
       14.2355889724311                       0   4.09267726876251E-015     -0.0100949402946488   -3.2150342131098E-018 
       14.2857142857143                       0   4.13910695458661E-015    -0.00995584100370673  -3.00600285668009E-018 
       14.3358395989975                       0   4.10149297543918E-015    -0.00981677768619636  -2.97868591850747E-018 
       14.3859649122807                       0   4.06387899629174E-015    -0.00967771436868598  -2.95136898033485E-018 
       14.4360902255639                       0   4.02626501714431E-015     -0.0095386510511756  -2.92405204216223E-018 
       14.4862155388471                       0   3.98865103799687E-015    -0.00939958773366522  -2.89673510398962E-018 
       14.5363408521303                       0   4.02764471050973E-015       -0.00926202287296  -2.70049711406033E-018 
       14.5864661654135                       0   3.99001851706783E-015    -0.00913037068867757  -2.67526911255916E-018 
       14.6365914786967                       0   3.95239232362592E-015    -0.00899871850439515  -2.65004111105799E-018 
         14.68671679198                       0   3.91476613018402E-015    -0.00886706632011272  -2.62481310955681E-018 
       14.7368421052632                       0   3.87713993674212E-015    -0.00873541413583031  -2.59958510805564E-018 
       14.7869674185464                       0   3.83951374330021E-015    -0.00860376195154788  -2.57435710655446E-018 
       14.8370927318296                       0    3.8713054978724E-015      -0.008474224141891  -2.38968001827686E-018 
       14.8872180451128                       0   3.83370952820482E-015    -0.00834964936740917  -2.36647277267671E-018 
        14.937343358396                       0   3.79611355853724E-015    -0.00822507459292734  -2.34326552707655E-018 
       14.9874686716792                       0   3.75851758886966E-015    -0.00810049981844551  -2.32005828147639E-018 
       15.0375939849624                       0   3.72092161920208E-015    -0.00797592504396369  -2.29685103587624E-018 
       15.0877192982456                       0    3.6833256495345E-015    -0.00785135026948186  -2.27364379027608E-018 
       15.1378446115288                       0   3.70817869215111E-015    -0.00772865003014728  -2.09903534553608E-018 
        15.187969924812                       0   3.67065441577556E-015    -0.00761069860297401  -2.07779451844361E-018 
       15.2380952380952                       0       3.6331301394E-015    -0.00749274717580074  -2.05655369135115E-018 
       15.2882205513784                       0   3.59560586302445E-015    -0.00737479574862748  -2.03531286425868E-018 
       15.3383458646617                       0   3.55808158664889E-015    -0.00725684432145421  -2.01407203716621E-018 
       15.3884711779449                       0   3.52055731027334E-015    -0.00713889289428094  -1.99283121007374E-018 
       15.4385964912281                       0   3.53861179330499E-015    -0.00702193202694471  -1.82451925816731E-018 
       15.4887218045113                       0   3.50120154270864E-015    -0.00691045964593718  -1.80523041648226E-018 
       15.5388471177945                       0    3.4637912921123E-015    -0.00679898726492965  -1.78594157479722E-018 
       15.5889724310777                       0   3.42638104151595E-015    -0.00668751488392211  -1.76665273311217E-018 
       15.6390977443609                       0   3.38897079091961E-015    -0.00657604250291458  -1.74736389142713E-018 
       15.6892230576441                       0   3.35156054032326E-015    -0.00646457012190705  -1.72807504974208E-018 
       15.7393483709273                       0   3.31415028972692E-015    -0.00635309774089952  -1.70878620805703E-018 
       15.7894736842105                       0   3.32296152459358E-015    -0.00624702139058128  -1.54847632781301E-018 
       15.8395989974937                       0   3.28260273862891E-015    -0.00614150394090866  -1.52966942191806E-018 
       15.8897243107769                       0   3.24224395266425E-015    -0.00603598649123604  -1.51086251602312E-018 
       15.9398496240602                       0   3.20188516669958E-015    -0.00593046904156342  -1.49205561012817E-018 
       15.9899749373434                       0   3.16152638073491E-015     -0.0058249515918908  -1.47324870423323E-018 
       16.0401002506266                       0   3.12116759477025E-015    -0.00571943414221818  -1.45444179833828E-018 
       16.0902255639098                       0    3.1229212951745E-015    -0.00561729771107584   -1.2984920079619E-018 
        16.140350877193                       0   3.08277978030824E-015    -0.00551803438805635  -1.28180140601753E-018 
       16.1904761904762                       0   3.04263826544197E-015    -0.00541877106503685  -1.26511080407317E-018 
       16.2406015037594                       0   3.00249675057571E-015    -0.00531950774201736  -1.24842020212881E-018 
       16.2907268170426                       0   2.96235523570944E-015    -0.00522024441899786  -1.23172960018445E-018 
       16.3408521303258                       0   2.92221372084318E-015    -0.00512098109597836  -1.21503899824009E-018 
        16.390977443609                       0   2.91758839879787E-015    -0.00502201036665654  -1.07103770242174E-018 
       16.4411027568922                       0   2.87771117435533E-015    -0.00492816675713226  -1.05639889632301E-018 
       16.4912280701754                       0   2.83783394991278E-015    -0.00483432314760797  -1.04176009022428E-018 
       16.5413533834586                       0   2.79795672547024E-015    -0.00474047953808369  -1.02712128412556E-018 
       16.5914786967419                       0   2.75807950102769E-015    -0.00464663592855941  -1.01248247802683E-018 
       16.6416040100251                       0   2.71820227658515E-015    -0.00455279231903512    -9.978436719281E-019 
       16.6917293233083                       0    2.6783250521426E-015    -0.00445894870951084  -9.83204865829373E-019 
       16.7418546365915                       0   2.66639951256678E-015    -0.00436804327347526  -8.50445632507941E-019 
       16.7919799498747                       0   2.62379366578639E-015    -0.00428081710420805  -8.36856537496892E-019 
       16.8421052631579                       0     2.581187819006E-015    -0.00419359093494084  -8.23267442485844E-019 
       16.8922305764411                       0   2.53858197222561E-015    -0.00410636476567362  -8.09678347474795E-019 
       16.9423558897243                       0   2.49597612544523E-015    -0.00401913859640642  -7.96089252463747E-019 
       16.9924812030075                       0   2.45337027866484E-015    -0.00393191242713921    -7.825001574527E-019 
       17.0426065162907                       0   2.41076443188446E-015      -0.003844686257872  -7.68911062441652E-019 
       17.0927318295739                       0   2.39425813307133E-015    -0.00376043589294872  -6.72301345176589E-019 
       17.1428571428571                       0   2.35505049968936E-015     -0.0036774110590898  -6.61291945521727E-019 
       17.1929824561403                       0   2.31584286630739E-015    -0.00359438622523088  -6.50282545866864E-019 
       17.2431077694236                       0   2.27663523292542E-015    -0.00351136139137195  -6.39273146212001E-019 
       17.2932330827068                       0   2.23742759954345E-015    -0.00342833655751303  -6.28263746557139E-019 
         17.34335839599                       0   2.19821996616149E-015    -0.00334531172365411  -6.17254346902276E-019 
       17.3934837092732                       0   2.15901233277952E-015    -0.00326228688979518  -6.06244947247413E-019 
       17.4436090225564                       0   2.13655422979027E-015    -0.00318531059290384  -5.34984161318502E-019 
       17.4937343358396                       0   2.09475425983958E-015    -0.00310944824116435  -5.24517625269286E-019 
       17.5438596491228                       0    2.0529542898889E-015    -0.00303358588942486  -5.14051089220069E-019 
        17.593984962406                       0   2.01115431993821E-015    -0.00295772353768537  -5.03584553170852E-019 
       17.6441102756892                       0   1.96935434998753E-015    -0.00288186118594588  -4.93118017121636E-019 
       17.6942355889724                       0   1.92755438003684E-015    -0.00280599883420638  -4.82651481072419E-019 
       17.7443609022556                       0   1.88575441008616E-015    -0.00273013648246689  -4.72184945023203E-019 
       17.7944862155388                       0   1.85778700681566E-015    -0.00265492786146216  -4.54502106046955E-019 
       17.8446115288221                       0   1.81346335697487E-015    -0.00257983451851056  -4.43658455980278E-019 
       17.8947368421053                       0   1.76913970713407E-015    -0.00250474117555895    -4.328148059136E-019 
       17.9448621553885                       0   1.72481605729327E-015    -0.00242964783260735  -4.21971155846922E-019 
       17.9949874686717                       0   1.68049240745248E-015    -0.00235455448965574  -4.11127505780244E-019 
       18.0451127819549                       0   1.63616875761168E-015    -0.00227946114670414  -4.00283855713568E-019 
       18.0952380952381                       0   1.59184510777089E-015    -0.00220436780375254   -3.8944020564689E-019 
       18.1453634085213                       0    1.5626789557698E-015    -0.00213671540622665  -3.68432512354477E-019 
       18.1954887218045                       0   1.52175626933624E-015    -0.00207191774055183  -3.58784178562469E-019 
       18.2456140350877                       0   1.48083358290268E-015    -0.00200712007487701  -3.49135844770463E-019 
       18.2957393483709                       0   1.43991089646911E-015    -0.00194232240920218  -3.39487510978456E-019 
       18.3458646616541                       0   1.39898821003555E-015    -0.00187752474352736  -3.29839177186449E-019 
       18.3959899749373                       0   1.35806552360199E-015    -0.00181272707785254  -3.20190843394442E-019 
       18.4461152882206                       0   1.31714283716843E-015    -0.00174792941217771  -3.10542509602435E-019 
       18.4962406015038                       0   1.28657182459135E-015     -0.0016819329383523  -3.11719646486058E-019 
        18.546365914787                       0   1.24316224019692E-015     -0.0016145276896627  -3.01202067876845E-019 
       18.5964912280702                       0   1.19975265580249E-015    -0.00154712244097311  -2.90684489267631E-019 
       18.6466165413534                       0   1.15634307140806E-015    -0.00147971719228351  -2.80166910658418E-019 
       18.6967418546366                       0   1.11293348701363E-015     -0.0014123119435939  -2.69649332049204E-019 
       18.7468671679198                       0    1.0695239026192E-015     -0.0013449066949043  -2.59131753439991E-019 
        18.796992481203                       0   1.02611431822477E-015    -0.00127750144621471  -2.48614174830778E-019 
       18.8471177944862                       0   9.91398985020262E-016    -0.00121123325393163  -1.54993002378506E-019 
       18.8972431077694                       0   9.48424959439149E-016    -0.00116321054924094  -1.48274543564498E-019 
       18.9473684210526                       0   9.05450933858036E-016    -0.00111518784455026  -1.41556084750491E-019 
       18.9974937343358                       0   8.62476908276921E-016    -0.00106716513985957  -1.34837625936483E-019 
        19.047619047619                       0   8.19502882695808E-016    -0.00101914243516888  -1.28119167122476E-019 
       19.0977443609023                       0   7.76528857114696E-016   -0.000971119730478195  -1.21400708308468E-019 
       19.1478696741855                       0   7.33554831533583E-016   -0.000923097025787508  -1.14682249494461E-019 
       19.1979949874687                       0   6.90580805952467E-016   -0.000875074321096818  -1.07963790680453E-019 
       19.2481203007519                       0   6.54711749553825E-016   -0.000813858742692561  -1.84571085306248E-019 
       19.2982456140351                       0   6.12104480782291E-016   -0.000740307919623423  -1.72559585826582E-019 
       19.3483709273183                       0    5.6949721201076E-016   -0.000666757096554291  -1.60548086346917E-019 
       19.3984962406015                       0   5.26889943239229E-016   -0.000593206273485158  -1.48536586867251E-019 
       19.4486215538847                       0   4.84282674467698E-016   -0.000519655450416026  -1.36525087387586E-019 
       19.4987468671679                       0   4.41675405696164E-016   -0.000446104627346888   -1.2451358790792E-019 
       19.5488721804511                       0   3.99068136924633E-016   -0.000372553804277755  -1.12502088428255E-019 
       19.5989974937343                       0   3.56460868153099E-016   -0.000299002981208618  -1.00490588948589E-019 
       19.6491228070175                       0   3.28258996584989E-016   -0.000243500448629535  -3.09763040801462E-019 
       19.6992481203008                       0   2.81364854215703E-016   -0.000191655927771803  -2.65511177829823E-019 
        19.749373433584                       0    2.3447071184642E-016   -0.000139811406914074  -2.21259314858187E-019 
       19.7994987468672                       0   1.87576569477134E-016  -8.79668860563424E-005  -1.77007451886548E-019 
       19.8496240601504                       0   1.40682427107851E-016   -3.6122365198614E-005  -1.32755588914911E-019 
       19.8997493734336                       0   9.37882847385688E-017   1.57221556591144E-005  -8.85037259432754E-020 
       19.9498746867168                       0    4.6894142369286E-017   6.75666765168428E-005  -4.42518629716392E-020 
                     20                       0                       0    0.000119411197374575                       0 
