                      0                       0     9.567073279006E-018      -0.193856954574585  -2.21337927379261E-017 
      0.050125313283208                       0   7.05274958488056E-016      -0.193831757970771  -3.68433834337361E-016 
      0.100250626566416                       0   1.92635436820139E-015      -0.194020052430767  -2.74019504252076E-016 
      0.150375939849624                       0   2.57252445991346E-015      -0.194315562980246   9.47202293800501E-017 
      0.200501253132832                       0    2.1633899846376E-015       -0.19448147931239   1.39843395985583E-016 
       0.25062656641604                       0   1.77907794874477E-015      -0.194559457869351   4.06423360641055E-017 
      0.300751879699248                       0   1.64859744898265E-015      -0.194652458730493  -1.74356747323821E-017 
      0.350877192982456                       0   1.58320733253896E-015      -0.194810430288328   7.07422707477812E-018 
      0.401002506265664                       0   1.39838187987509E-015      -0.195033281362405   2.89548032282461E-017 
      0.451127819548872                       0    1.0667156197418E-015      -0.195332504108012   4.78361932229986E-017 
       0.50125313283208                       0   4.11550595542893E-016      -0.195697489409613   1.12695535516781E-016 
      0.551378446115288                       0  -7.01439723591863E-017      -0.196102040522361   1.45847823717564E-016 
      0.601503759398496                       0  -1.24459964315741E-015      -0.196581829984617   1.72968114386233E-016 
      0.651629072681704                       0   -1.8978663679366E-015      -0.197141217142381   1.78770738089798E-016 
      0.701754385964912                       0  -3.28158983607655E-015      -0.197750778863298   1.91961224815682E-016 
       0.75187969924812                       0  -4.69810459517781E-015      -0.198360858273256   2.02748321707504E-016 
      0.802005012531328                       0  -5.38677952756958E-015      -0.198939785232395   2.00504192874853E-016 
      0.852130325814536                       0  -6.05176484084698E-015      -0.199479396785787   1.95111056392169E-016 
      0.902255639097744                       0   -7.3201998706234E-015      -0.199960213514375   1.80980933863283E-016 
      0.952380952380952                       0  -7.90312467902016E-015      -0.200383783850173   1.72256537127067E-016 
       1.00250626566416                       0  -9.00322529615998E-015      -0.200746653018052   1.53679638785207E-016 
       1.05263157894737                       0  -9.49843527948245E-015       -0.20103697990096   1.43992816129184E-016 
       1.10275689223058                       0  -9.96511033279498E-015      -0.201265068550541   1.34585032261272E-016 
       1.15288220551378                       0  -1.04049510394999E-014        -0.2014316517193   1.25649698980621E-016 
       1.20300751879699                       0  -1.12439788845322E-014      -0.201538566930793   1.11290675120519E-016 
        1.2531328320802                       0  -1.16151895831079E-014       -0.20157862856908   1.04770944380011E-016 
       1.30325814536341                       0   -1.1967565459083E-014      -0.201560544420678   9.69767673673939E-017 
       1.35338345864662                       0  -1.23020024986559E-014      -0.201488674869956   9.01607831619268E-017 
       1.40350877192982                       0  -1.26178961120379E-014      -0.201363963832038   8.46624001516915E-017 
       1.45363408521303                       0  -1.29169023333912E-014      -0.201187483201253   7.94500064955882E-017 
       1.50375939849624                       0   -1.3200402690857E-014      -0.200961060564319   7.46587334018725E-017 
       1.55388471177945                       0   -1.3469354827562E-014      -0.200686331678656   7.02342594727192E-017 
       1.60401002506266                       0  -1.37246044118609E-014      -0.200364797014717   6.61791366891315E-017 
       1.65413533834586                       0  -1.39670458257939E-014      -0.199997815258772   6.24972514505151E-017 
       1.70426065162907                       0  -1.41974972808021E-014      -0.199586558627364   5.91508686032184E-017 
       1.75438596491228                       0  -1.44165900416073E-014      -0.199132006112144   5.60694614322781E-017 
       1.80451127819549                       0  -1.46246966835411E-014      -0.198634967123596   5.31699289403144E-017 
        1.8546365914787                       0  -1.48219034978308E-014       -0.19809617626033   5.03578097077606E-017 
        1.9047619047619                       0  -1.50080236688449E-014      -0.197516347140717   4.75531379326524E-017 
       1.95488721804511                       0  -1.51826972457059E-014      -0.196896246976722   4.47238286782715E-017 
       2.00501253132832                       0  -1.53507949599562E-014       -0.19623672188629   4.18712189730491E-017 
       2.05513784461153                       0  -1.54914505665592E-014      -0.195538731153697   3.89667255104425E-017 
       2.10526315789474                       0  -1.56356537898601E-014      -0.194803420292629   3.61939313753175E-017 
       2.15538847117795                       0  -1.55987996376024E-014      -0.194024459974633    3.6108620158042E-017 
       2.20551378446115                       0  -1.57168247524843E-014      -0.193209237085287   3.34516393006351E-017 
       2.25563909774436                       0  -1.58316081973319E-014      -0.192359502576941   3.08459056186339E-017 
       2.30576441102757                       0  -1.59355956895915E-014       -0.19147616233384   2.80758977197899E-017 
       2.35588972431078                       0   -1.6018347873506E-014      -0.190560065333784   2.48730806745932E-017 
       2.40601503759398                       0    -1.598282659027E-014      -0.189604568676873    2.4817923691453E-017 
       2.45614035087719                       0  -1.60535781069891E-014      -0.188611321951609   2.13402154695786E-017 
        2.5062656641604                       0   -1.6105880960067E-014      -0.187586911174409   1.85924734349274E-017 
       2.55639097744361                       0  -1.61450617996235E-014      -0.186533095236687   1.69735430622579E-017 
       2.60651629072682                       0  -1.61108324425419E-014      -0.185445508115151   1.69375572311952E-017 
       2.65664160401002                       0   -1.6134624453582E-014      -0.184324152539245   1.53307367391663E-017 
       2.70676691729323                       0  -1.61400289053229E-014      -0.183177882166899   1.32334471289472E-017 
       2.75689223057644                       0  -1.61285598114088E-014      -0.182007822916873   1.16870356918123E-017 
       2.80701754385965                       0  -1.60795363584197E-014      -0.180800632273632   1.16515124428974E-017 
       2.85714285714286                       0   -1.6051892372457E-014      -0.179571310203995    1.0797218939987E-017 
       2.90726817042607                       0  -1.60080633616274E-014      -0.178322729830089   9.19635944379554E-018 
       2.95739348370927                       0   -1.5960779155845E-014      -0.177044742953152   9.16919547382829E-018 
       3.00751879699248                       0  -1.59021844719261E-014      -0.175745808254944   6.72701725873123E-018 
       3.05764411027569                       0  -1.58282477922014E-014      -0.174431627129983   4.35938007842937E-018 
        3.1077694235589                       0  -1.57828255179669E-014      -0.173090869908607   4.34686997876359E-018 
       3.15789473684211                       0  -1.56945162994386E-014      -0.171733467695216   2.15382396860962E-018 
       3.20802005012531                       0  -1.55905464957141E-014      -0.170363970639684  -4.43911386206581E-020 
       3.25814536340852                       0  -1.55470905215911E-014      -0.168967774526174  -4.42674059361291E-020 
       3.30827067669173                       0  -1.54221461755491E-014      -0.167562124439654  -2.47512095549834E-018 
       3.35839598997494                       0  -1.53655658180248E-014      -0.166141810034897  -2.46604029791775E-018 
       3.40852130325815                       0  -1.52258906192217E-014      -0.164705443789914  -5.14917418642991E-018 
       3.45864661654135                       0  -1.50710910224459E-014      -0.163262200404236  -7.61590770610306E-018 
       3.50877192982456                       0  -1.50307802303143E-014      -0.161801041317779  -7.59553736450157E-018 
       3.55889724310777                       0  -1.48546685841278E-014      -0.160333208600006  -9.59723649417722E-018 
       3.60902255639098                       0  -1.48023855057174E-014      -0.158854468496916  -9.56345768145537E-018 
       3.65914786967419                       0  -1.46114942569376E-014      -0.157366163616983  -1.13209027203326E-017 
       3.70927318295739                       0  -1.45733984479932E-014       -0.15587259070857  -1.12913863040422E-017 
        3.7593984962406                       0  -1.43612979785309E-014      -0.154368429676185  -1.29294421883168E-017 
       3.80952380952381                       0  -1.41320918347824E-014      -0.152862075395091   -1.4447733234229E-017 
       3.85964912280702                       0  -1.40843352719799E-014      -0.151347060907451  -1.43989100247833E-017 
       3.90977443609023                       0  -1.38441830419832E-014      -0.149830455205923   -1.5814858710368E-017 
       3.95989974937343                       0  -1.38095234667299E-014      -0.148308813256339  -1.57752654542018E-017 
       4.01002506265664                       0  -1.35601565854163E-014      -0.146785725703048  -1.71035653244783E-017 
       4.06015037593985                       0  -1.35155003399932E-014      -0.145260171942316  -1.70472399416607E-017 
       4.11027568922306                       0  -1.32457844031252E-014      -0.143734054973378  -1.82741980343453E-017 
       4.16040100250627                       0  -1.32026950397346E-014      -0.142207285907293  -1.82147509275672E-017 
       4.21052631578947                       0  -1.29202929456716E-014      -0.140681296263036  -1.93504270233462E-017 
       4.26065162907268                       0  -1.28787782263319E-014      -0.139156023045484  -1.92882513783855E-017 
       4.31077694235589                       0  -1.25840961500733E-014      -0.137632983379962  -2.03343716810204E-017 
        4.3609022556391                       0  -1.25441609687726E-014      -0.136111833116744  -2.02698412761321E-017 
       4.41102756892231                       0  -1.22376273402247E-014      -0.134594215262438  -2.12283035450691E-017 
       4.46115288220551                       0  -1.21992743550285E-014      -0.133079796314955  -2.11617735888147E-017 
       4.51127819548872                       0   -1.1881342196428E-014      -0.131569724655446  -2.20344717922942E-017 
       4.56140350877193                       0  -1.18445712942036E-014      -0.130064566221448   -2.1966278536478E-017 
       4.61152882205514                       0  -1.15157172844779E-014      -0.128563809882875  -2.27545285638085E-017 
       4.66165413533835                       0  -1.14805261518566E-014      -0.127070389553567  -2.26849925016908E-017 
       4.71177944862155                       0  -1.11392288379719E-014      -0.125580364545556   -2.3385296451831E-017 
       4.76190476190476                       0  -1.10972082278141E-014      -0.124101046225261  -2.32970798939418E-017 
       4.81203007518797                       0  -1.07407256334186E-014      -0.122622809165798  -2.39037483752201E-017 
       4.86215538847118                       0  -1.07086767767748E-014      -0.121159891196709  -2.38324228585767E-017 
       4.91228070175439                       0   -1.0676627920131E-014      -0.119696973227619  -2.37610973419334E-017 
       4.96240601503759                       0  -1.03137818962939E-014      -0.118249822366483   -2.4301744043246E-017 
        5.0125313283208                       0  -1.02756681757893E-014      -0.116805460091799  -2.42119389756625E-017 
       5.06265664160401                       0  -9.90791479287626E-015      -0.115373261241937  -2.47234799509952E-017 
       5.11278195488722                       0   -9.8789701607053E-015      -0.113949467694384  -2.46512536502925E-017 
       5.16290726817043                       0  -9.50393309550554E-015      -0.112532241730671  -2.51150510449728E-017 
       5.21303258145363                       0  -9.46966835464752E-015      -0.111131092508087  -2.50245031941994E-017 
       5.26315789473684                       0   -9.4354036137895E-015      -0.109729943285504   -2.4933955343426E-017 
       5.31328320802005                       0  -9.04992945280461E-015      -0.108351852433238   -2.5321561318269E-017 
       5.36340852130326                       0  -9.01756255390882E-015      -0.106975104897713   -2.5230999240482E-017 
       5.41353383458647                       0  -8.62491518508676E-015      -0.105612779042482  -2.55977270591684E-017 
       5.46365914786967                       0  -8.59442715762047E-015       -0.10426200428033  -2.55072422035023E-017 
       5.51378446115288                       0  -8.19443456558253E-015      -0.102914545951165  -2.58373856455634E-017 
       5.56390977443609                       0  -8.16580674848325E-015      -0.101591380416916  -2.57471209732831E-017 
        5.6140350877193                       0  -8.13717893138397E-015      -0.100268214882667  -2.56568563010027E-017 
       5.66416040100251                       0  -7.73153101024829E-015      -0.098963592896147  -2.59251078040911E-017 
       5.71428571428571                       0  -7.70474486897193E-015      -0.097669462396411  -2.58352894227996E-017 
       5.76441102756892                       0   -7.2911888018541E-015     -0.0963786764484262  -2.60512920757926E-017 
       5.81453634085213                       0   -7.2662268735539E-015     -0.0951149486740602  -2.59621035356798E-017 
       5.86466165413534                       0   -7.2412649452537E-015     -0.0938512208996942  -2.58729149955671E-017 
       5.91478696741855                       0  -6.82115384788503E-015     -0.0926043775564518  -2.60240996359361E-017 
       5.96491228070175                       0  -6.79800007144506E-015     -0.0913723119847092   -2.5935763234433E-017 
       6.01503759398496                       0   -6.7748462950051E-015     -0.0901402464129667  -2.58474268329298E-017 
       6.06516290726817                       0   -6.3482741597013E-015     -0.0889380301934814  -2.58819249894366E-017 
       6.11528822055138                       0  -6.32691135138801E-015     -0.0877388562088167   -2.5794828782118E-017 
       6.16541353383459                       0  -5.89261979978955E-015     -0.0865475872528634  -2.56041700825803E-017 
       6.21553884711779                       0  -5.86910709240374E-015     -0.0853825140874294  -2.55020044280051E-017 
         6.265664160401                       0  -5.84559438501794E-015     -0.0842174409219954  -2.53998387734299E-017 
       6.31578947368421                       0  -5.40911308014132E-015      -0.083070186260799  -2.48946352836285E-017 
       6.36591478696742                       0  -5.39125543100694E-015     -0.0819403815008781  -2.48124481199223E-017 
       6.41604010025063                       0  -5.37339778187256E-015     -0.0808105767409573   -2.4730260956216E-017 
       6.46616541353383                       0  -4.93901511210126E-015     -0.0797071777979877  -2.39303213100029E-017 
       6.51629072681704                       0  -4.91961301698259E-015     -0.0786137059730684  -2.38363150436241E-017 
       6.56641604010025                       0  -4.90021092186391E-015     -0.0775202341481492  -2.37423087772453E-017 
       6.61654135338346                       0  -4.47434407075468E-015     -0.0764598925895321  -2.27639155685191E-017 
       6.66666666666667                       0  -4.45689089641963E-015     -0.0754034176985851  -2.26751198521676E-017 
       6.71679197994987                       0   -4.0454437656129E-015     -0.0743473273842554  -2.17829003175913E-017 
       6.76691729323308                       0  -4.02983642482076E-015     -0.0733280185980141  -2.16988617872358E-017 
       6.81704260651629                       0  -4.01422908402861E-015     -0.0723087098117727  -2.16148232568803E-017 
        6.8671679197995                       0  -3.62279673079131E-015     -0.0712920000163745  -2.11697609901336E-017 
       6.91729323308271                       0  -3.60892029397586E-015      -0.070309646360002  -2.10886742296535E-017 
       6.96741854636591                       0  -3.59504385716041E-015     -0.0693272927036294  -2.10075874691734E-017 
       7.01754385964912                       0  -3.22288056664801E-015     -0.0683476932132766  -2.08770481460806E-017 
       7.06766917293233                       0  -3.21062558781704E-015     -0.0674023617871242  -2.07976633293639E-017 
       7.11779448621554                       0  -3.19837060898608E-015     -0.0664570303609719  -2.07182785126472E-017 
       7.16791979949875                       0  -2.84572655469426E-015     -0.0655124909586869  -2.07443506055198E-017 
       7.21804511278195                       0   -2.8349851572206E-015     -0.0646040426527882  -2.06660495773274E-017 
       7.26817042606516                       0  -2.82424375974694E-015     -0.0636955943468894  -2.05877485491351E-017 
       7.31829573934837                       0  -2.81350236227328E-015     -0.0627871460409907  -2.05094475209427E-017 
       7.36842105263158                       0  -2.47733204673702E-015     -0.0619109506992744  -2.09000560072644E-017 
       7.41854636591479                       0  -2.46801562031917E-015     -0.0610379261836692  -2.08214578095876E-017 
       7.46867167919799                       0  -2.45869919390132E-015      -0.060164901668064  -2.07428596119107E-017 
        7.5187969924812                       0  -2.12492867342597E-015     -0.0593180308064973  -2.10556665685718E-017 
       7.56892230576441                       0  -2.11567151820427E-015     -0.0584803326935644  -2.09639385138097E-017 
       7.61904761904762                       0  -2.10641436298256E-015     -0.0576426345806314  -2.08722104590475E-017 
       7.66917293233083                       0  -1.77371102532234E-015     -0.0568234513449337  -2.06171180732631E-017 
       7.71929824561403                       0  -1.76712771114705E-015     -0.0560220643978161  -2.05405954809538E-017 
       7.76942355889724                       0  -1.76054439697175E-015     -0.0552206774506986  -2.04640728886444E-017 
       7.81954887218045                       0  -1.43264324487705E-015        -0.0544269857798  -2.00075910496269E-017 
       7.86967418546366                       0  -1.42648610223616E-015     -0.0536608977889552  -1.99216034233049E-017 
       7.91979949874687                       0  -1.42032895959527E-015     -0.0528948097981104   -1.9835615796983E-017 
       7.96992481203008                       0  -1.41417181695438E-015     -0.0521287218072656  -1.97496281706611E-017 
       8.02005012531328                       0  -1.09125044534695E-015     -0.0513920678559765  -1.95712081997149E-017 
       8.07017543859649                       0   -1.0865679012709E-015     -0.0506600665060968  -1.94872283531019E-017 
        8.1203007518797                       0  -1.08188535719486E-015     -0.0499280651562172  -1.94032485064889E-017 
       8.17042606516291                       0  -7.57855802147682E-016     -0.0492110852082276   -2.0099118366546E-017 
       8.22055137844611                       0  -7.54623044013844E-016     -0.0485128248256453   -2.0013382282982E-017 
       8.27067669172932                       0  -7.51390285880005E-016     -0.0478145644430629  -1.99276461994179E-017 
       8.32080200501253                       0  -7.48157527746166E-016     -0.0471163040604805  -1.98419101158538E-017 
       8.37092731829574                       0    -4.166378345825E-016     -0.0464488387013491  -2.19709302134805E-017 
       8.42105263157895                       0  -4.14863630550636E-016     -0.0457825938484925  -2.18773695482384E-017 
       8.47117794486216                       0  -4.13089426518772E-016     -0.0451163489956359  -2.17838088829963E-017 
       8.52130325814536                       0  -7.32874985689403E-017     -0.0444644238680753  -2.28098198053048E-017 
       8.57142857142857                       0   -7.2977283661468E-017     -0.0438329095155735  -2.27132692847039E-017 
       8.62155388471178                       0  -7.26670687539957E-017     -0.0432013951630717  -2.26167187641031E-017 
       8.67167919799499                       0  -7.23568538465234E-017     -0.0425698808105699  -2.25201682435023E-017 
        8.7218045112782                       0    2.4357021660756E-016     -0.0419697426828381  -1.90452223528904E-017 
        8.7719298245614                       0   2.42541110069094E-016     -0.0413776834505504  -1.89647545390383E-017 
       8.82205513784461                       0   2.41512003530628E-016     -0.0407856242182627  -1.88842867251862E-017 
       8.87218045112782                       0   5.18448116682394E-016     -0.0401973113717436  -1.44770950228603E-017 
       8.92230576441103                       0   5.15959734622637E-016      -0.039639512456732  -1.44076096831067E-017 
       8.97243107769424                       0   5.13471352562879E-016     -0.0390817135417203  -1.43381243433531E-017 
       9.02255639097744                       0   5.10982970503122E-016     -0.0385239146267087  -1.42686390035995E-017 
       9.07268170426065                       0   7.80282568419609E-016     -0.0379752582148359   -1.3864469975272E-017 
       9.12280701754386                       0   7.76535533781338E-016     -0.0374433314947479  -1.37978906983008E-017 
       9.17293233082707                       0   7.72788499143068E-016     -0.0369114047746599  -1.37313114213296E-017 
       9.22305764411028                       0   7.69041464504798E-016     -0.0363794780545719  -1.36647321443584E-017 
       9.27318295739348                       0   1.05273129777575E-015     -0.0358606982467277  -1.51220490231488E-017 
       9.32330827067669                       0   1.04830704179092E-015     -0.0353537670782993  -1.50584964185717E-017 
        9.3734335839599                       0    1.0438827858061E-015     -0.0348468359098708  -1.49949438139945E-017 
       9.42355889724311                       0   1.03945852982127E-015     -0.0343399047414423  -1.49313912094174E-017 
       9.47368421052632                       0   1.32735963487795E-015     -0.0338505626133823  -1.52452023013177E-017 
       9.52380952380952                       0   1.32099421984581E-015      -0.033371740735211  -1.51720932227026E-017 
       9.57393483709273                       0   1.31462880481367E-015     -0.0328929188570396  -1.50989841440876E-017 
       9.62406015037594                       0   1.30826338978153E-015     -0.0324140969788683  -1.50258750654725E-017 
       9.67418546365915                       0   1.58698008807163E-015      -0.031954265350639  -1.43593949282895E-017 
       9.72431077694235                       0   1.57936608401374E-015     -0.0315045990204794  -1.42905015048151E-017 
       9.77443609022556                       0   1.57175207995585E-015     -0.0310549326903197  -1.42216080813408E-017 
       9.82456140350877                       0   1.56413807589795E-015     -0.0306052663601601  -1.41527146578664E-017 
       9.87468671679198                       0   1.82756521372927E-015     -0.0301722084634479  -1.33083100992194E-017 
       9.92481203007519                       0   1.81769254983332E-015     -0.0297501603449981   -1.3236417467621E-017 
       9.97493734335839                       0   1.80781988593736E-015     -0.0293281122265484  -1.31645248360226E-017 
       10.0250626566416                       0   1.79794722204141E-015     -0.0289060641080986  -1.30926322044242E-017 
       10.0751879699248                       0   2.04646885470213E-015     -0.0284961005208782   -1.2419278296806E-017 
        10.125313283208                       0   2.03661579922092E-015     -0.0280995280049691   -1.2359483671633E-017 
       10.1754385964912                       0   2.02676274373971E-015       -0.02770295548906  -1.22996890464601E-017 
       10.2255639097744                       0    2.0169096882585E-015      -0.027306382973151  -1.22398944212871E-017 
       10.2756892230576                       0   2.25309837035497E-015     -0.0269162145154157  -1.16917470167042E-017 
       10.3258145363409                       0    2.2408853988613E-015     -0.0265434633819426  -1.16283716333189E-017 
       10.3759398496241                       0   2.22867242736762E-015     -0.0261707122484696  -1.15649962499335E-017 
       10.4260651629073                       0   2.21645945587395E-015     -0.0257979611149965  -1.15016208665481E-017 
       10.4761904761905                       0   2.20424648438028E-015     -0.0254252099815235  -1.14382454831627E-017 
       10.5263157894737                       0   2.42816075853778E-015     -0.0250745006449046  -1.09607141180549E-017 
       10.5764411027569                       0   2.41636801388022E-015     -0.0247241649379183  -1.09074816858923E-017 
       10.6265664160401                       0   2.40457526922265E-015      -0.024373829230932  -1.08542492537297E-017 
       10.6766917293233                       0   2.39278252456509E-015     -0.0240234935239457  -1.08010168215671E-017 
       10.7268170426065                       0   2.60571493762312E-015     -0.0236861970882657  -1.03632669175393E-017 
       10.7769423558897                       0   2.59146248887338E-015     -0.0233570173830106   -1.0306583076767E-017 
       10.8270676691729                       0   2.57721004012365E-015     -0.0230278376777555  -1.02498992359948E-017 
       10.8771929824561                       0   2.56295759137391E-015     -0.0226986579725004  -1.01932153952226E-017 
       10.9273182957393                       0   2.76535191700429E-015      -0.022372802244338  -9.78909241773297E-018 
       10.9774436090226                       0   2.75017682368424E-015     -0.0220636150685275  -9.73537397776002E-018 
       11.0275689223058                       0   2.73500173036419E-015      -0.021754427892717  -9.68165553778707E-018 
        11.077694235589                       0   2.71982663704414E-015     -0.0214452407169066  -9.62793709781411E-018 
       11.1278195488722                       0   2.70465154372409E-015     -0.0211360535410961  -9.57421865784116E-018 
       11.1779448621554                       0   2.89568460415825E-015     -0.0208388062934106  -9.19903879076023E-018 
       11.2280701754386                       0   2.87786368397184E-015       -0.02054852468968  -9.14242511955914E-018 
       11.2781954887218                       0   2.86004276378542E-015     -0.0202582430859494  -9.08581144835804E-018 
        11.328320802005                       0   2.84222184359901E-015     -0.0199679614822188  -9.02919777715695E-018 
       11.3784461152882                       0   3.02322145647397E-015     -0.0196778694676643  -8.67875153971075E-018 
       11.4285714285714                       0   3.00637419406965E-015     -0.0194054615836209  -8.63038816089895E-018 
       11.4786967418546                       0   2.98952693166532E-015     -0.0191330536995775  -8.58202478208715E-018 
       11.5288220551378                       0     2.972679669261E-015     -0.0188606458155342  -8.53366140327535E-018 
       11.5789473684211                       0   2.95583240685668E-015     -0.0185882379314908  -8.48529802446355E-018 
       11.6290726817043                       0    3.1294736257864E-015     -0.0183209259887929  -8.16707667110036E-018 
       11.6791979949875                       0   3.11186979333765E-015     -0.0180654055562014  -8.12113544695023E-018 
       11.7293233082707                       0    3.0942659608889E-015     -0.0178098851236098   -8.0751942228001E-018 
       11.7794486215539                       0   3.07666212844014E-015     -0.0175543646910183  -8.02925299864997E-018 
       11.8295739348371                       0   3.05905829599139E-015     -0.0172988442584267  -7.98331177449984E-018 
       11.8796992481203                       0   3.22306584560701E-015     -0.0170513555121589  -7.68781873385358E-018 
       11.9298245614035                       0    3.2027196073306E-015     -0.0168117913377122   -7.6392878631616E-018 
       11.9799498746867                       0   3.18237336905418E-015     -0.0165722271632655  -7.59075699246963E-018 
       12.0300751879699                       0   3.16202713077776E-015     -0.0163326629888188  -7.54222612177765E-018 
       12.0802005012531                       0   3.14168089250135E-015      -0.016093098814372  -7.49369525108567E-018 
       12.1303258145363                       0   3.29595026287659E-015     -0.0158627861095628  -7.22015496338658E-018 
       12.1804511278195                       0   3.27486836988414E-015     -0.0156382971557117  -7.17397267233641E-018 
       12.2305764411028                       0   3.25378647689169E-015     -0.0154138082018606  -7.12779038128625E-018 
        12.280701754386                       0   3.23270458389924E-015     -0.0151893192480095  -7.08160809023608E-018 
       12.3308270676692                       0   3.21162269090678E-015     -0.0149648302941584  -7.03542579918592E-018 
       12.3809523809524                       0   3.35759730354074E-015     -0.0147493279479296   -6.7842132685675E-018 
       12.4310776942356                       0   3.33582734279801E-015     -0.0145390803990919   -6.7402258444737E-018 
       12.4812030075188                       0   3.31405738205528E-015     -0.0143288328502541  -6.69623842037991E-018 
        12.531328320802                       0   3.29228742131255E-015     -0.0141185853014163  -6.65225099628612E-018 
       12.5814536340852                       0   3.27051746056982E-015     -0.0139083377525785  -6.60826357219233E-018 
       12.6315789473684                       0   3.40738730251842E-015     -0.0137055354001316  -6.37523952699947E-018 
       12.6817042606516                       0   3.38273252826085E-015     -0.0135087369142793   -6.3291103149607E-018 
       12.7318295739348                       0   3.35807775400329E-015      -0.013311938428427  -6.28298110292192E-018 
        12.781954887218                       0   3.33342297974572E-015     -0.0131151399425747  -6.23685189088315E-018 
       12.8320802005013                       0   3.30876820548815E-015     -0.0129183414567224  -6.19072267884438E-018 
       12.8822055137845                       0    3.4374865002089E-015      -0.012726363365715  -5.97749625855125E-018 
       12.9323308270677                       0   3.41447125084061E-015     -0.0125422643386994  -5.93747470007235E-018 
       12.9824561403509                       0   3.39145600147233E-015     -0.0123581653116838  -5.89745314159344E-018 
       13.0325814536341                       0   3.36844075210404E-015     -0.0121740662846681  -5.85743158311454E-018 
       13.0827067669173                       0   3.34542550273575E-015     -0.0119899672576525  -5.81741002463563E-018 
       13.1328320802005                       0   3.46821619762636E-015     -0.0118071544918839   -5.6266259002803E-018 
       13.1829573934837                       0   3.44228014465052E-015     -0.0116350582652253  -5.58454880383954E-018 
       13.2330827067669                       0   3.41634409167467E-015     -0.0114629620385667  -5.54247170739878E-018 
       13.2832080200501                       0   3.39040803869883E-015     -0.0112908658119081  -5.50039461095802E-018 
       13.3333333333333                       0   3.36447198572299E-015     -0.0111187695852496  -5.45831751451727E-018 
       13.3834586466165                       0   3.33853593274714E-015      -0.010946673358591  -5.41624041807651E-018 
       13.4335839598998                       0   3.45147546712989E-015     -0.0107829285357294  -5.24391506695288E-018 
        13.483709273183                       0   3.42495931746335E-015     -0.0106222030084498  -5.20362840170545E-018 
       13.5338345864662                       0    3.3984431677968E-015     -0.0104614774811701  -5.16334173645802E-018 
       13.5839598997494                       0   3.37192701813026E-015     -0.0103007519538905  -5.12305507121059E-018 
       13.6340852130326                       0   3.34541086846371E-015     -0.0101400264266109  -5.08276840596317E-018 
       13.6842105263158                       0   3.45150278630787E-015    -0.00998210667934248  -4.92251685106575E-018 
        13.734335839599                       0   3.42444289717797E-015    -0.00983218994745807  -4.88392416594369E-018 
       13.7844611528822                       0   3.39738300804807E-015    -0.00968227321557365  -4.84533148082162E-018 
       13.8345864661654                       0   3.37032311891817E-015    -0.00953235648368925  -4.80673879569956E-018 
       13.8847117794486                       0   3.34326322978827E-015    -0.00938243975180483  -4.76814611057749E-018 
       13.9348370927318                       0   3.31620334065837E-015    -0.00923252301992042  -4.72955342545542E-018 
        13.984962406015                       0   3.41509689373423E-015    -0.00908952823304431  -4.57736260015506E-018 
       14.0350877192982                       0   3.38752814035701E-015    -0.00894978229396054  -4.54041132627661E-018 
       14.0852130325815                       0   3.35995938697979E-015    -0.00881003635487677  -4.50346005239817E-018 
       14.1353383458647                       0   3.33239063360257E-015    -0.00867029041579301  -4.46650877851972E-018 
       14.1854636591479                       0   3.30482188022534E-015    -0.00853054447670923  -4.42955750464128E-018 
       14.2355889724311                       0   3.27725312684812E-015    -0.00839079853762547  -4.39260623076283E-018 
       14.2857142857143                       0   3.36658790427666E-015    -0.00826051496455734  -4.24653601299658E-018 
       14.3358395989975                       0   3.33599416301343E-015    -0.00813027480714462  -4.20794577631167E-018 
       14.3859649122807                       0    3.3054004217502E-015     -0.0080000346497319  -4.16935553962675E-018 
       14.4360902255639                       0   3.27480668048696E-015    -0.00786979449231919  -4.13076530294183E-018 
       14.4862155388471                       0   3.24421293922373E-015    -0.00773955433490647  -4.09217506625691E-018 
       14.5363408521303                       0   3.32662846954598E-015    -0.00761110637735041  -3.95392408315597E-018 
       14.5864661654135                       0   3.29555115878471E-015    -0.00748973016040175  -3.91698658665355E-018 
       14.6365914786967                       0   3.26447384802345E-015     -0.0073683539434531  -3.88004909015113E-018 
         14.68671679198                       0   3.23339653726218E-015    -0.00724697772650444  -3.84311159364872E-018 
       14.7368421052632                       0   3.20231922650091E-015    -0.00712560150955579   -3.8061740971463E-018 
       14.7869674185464                       0   3.17124191573965E-015    -0.00700422529260713  -3.76923660064388E-018 
       14.8370927318296                       0   3.24637054471983E-015    -0.00688532228806477  -3.63980598075365E-018 
       14.8872180451128                       0   3.21484359635678E-015    -0.00677222461244549  -3.60445820586905E-018 
        14.937343358396                       0   3.18331664799373E-015    -0.00665912693682621  -3.56911043098446E-018 
       14.9874686716792                       0   3.15178969963068E-015    -0.00654602926120692  -3.53376265609986E-018 
       15.0375939849624                       0   3.12026275126763E-015    -0.00643293158558764  -3.49841488121527E-018 
       15.0877192982456                       0   3.08873580290458E-015    -0.00631983390996836  -3.46306710633067E-018 
       15.1378446115288                       0   3.15676512767082E-015    -0.00620889884070098  -3.34415259564309E-018 
        15.187969924812                       0   3.12482078600407E-015    -0.00610344236241075  -3.31031201872953E-018 
       15.2380952380952                       0   3.09287644433732E-015    -0.00599798588412052  -3.27647144181598E-018 
       15.2882205513784                       0   3.06093210267057E-015    -0.00589252940583028  -3.24263086490242E-018 
       15.3383458646617                       0   3.02898776100382E-015    -0.00578707292754005  -3.20879028798887E-018 
       15.3884711779449                       0   2.99704341933707E-015    -0.00568161644924982  -3.17494971107532E-018 
       15.4385964912281                       0   3.05805833735929E-015    -0.00557727180577208  -3.06209655060369E-018 
       15.4887218045113                       0   3.02572850424358E-015     -0.0054790876080746  -3.02972402544424E-018 
       15.5388471177945                       0   2.99339867112786E-015    -0.00538090341037713  -2.99735150028479E-018 
       15.5889724310777                       0   2.96106883801215E-015    -0.00528271921267965  -2.96497897512535E-018 
       15.6390977443609                       0   2.92873900489643E-015    -0.00518453501498218   -2.9326064499659E-018 
       15.6892230576441                       0   2.89640917178071E-015     -0.0050863508172847  -2.90023392480645E-018 
       15.7393483709273                       0     2.864079338665E-015    -0.00498816661958722    -2.867861399647E-018 
       15.7894736842105                       0   2.91538337298228E-015      -0.004895935201679  -2.75982323874845E-018 
       15.8395989974937                       0   2.87997479762433E-015    -0.00480432035040263  -2.72630400761424E-018 
       15.8897243107769                       0   2.84456622226638E-015    -0.00471270549912627  -2.69278477648002E-018 
       15.9398496240602                       0   2.80915764690843E-015     -0.0046210906478499   -2.6592655453458E-018 
       15.9899749373434                       0   2.77374907155048E-015    -0.00452947579657353  -2.62574631421159E-018 
       16.0401002506266                       0   2.73834049619254E-015    -0.00443786094529716  -2.59222708307737E-018 
       16.0902255639098                       0   2.78193519833228E-015    -0.00434973692566286   -2.4873767680609E-018 
        16.140350877193                       0   2.74617666247247E-015    -0.00426457933068919   -2.4554044376447E-018 
       16.1904761904762                       0   2.71041812661267E-015    -0.00417942173571553   -2.4234321072285E-018 
       16.2406015037594                       0   2.67465959075287E-015    -0.00409426414074187  -2.39145977681229E-018 
       16.2907268170426                       0   2.63890105489306E-015     -0.0040091065457682  -2.35948744639609E-018 
       16.3408521303258                       0   2.60314251903326E-015    -0.00392394895079453  -2.32751511597988E-018 
        16.390977443609                       0   2.63949293665537E-015     -0.0038390858021006  -2.22983997594214E-018 
       16.4411027568922                       0   2.60341668536068E-015    -0.00375938223600229  -2.19936280883103E-018 
       16.4912280701754                       0   2.56734043406599E-015    -0.00367967866990397  -2.16888564171992E-018 
       16.5413533834586                       0   2.53126418277129E-015    -0.00359997510380566  -2.13840847460881E-018 
       16.5914786967419                       0    2.4951879314766E-015    -0.00352027153770734  -2.10793130749769E-018 
       16.6416040100251                       0    2.4591116801819E-015    -0.00344056797160903  -2.07745414038658E-018 
       16.6917293233083                       0   2.42303542888721E-015    -0.00336086440551071  -2.04697697327547E-018 
       16.7418546365915                       0    2.4503809483591E-015    -0.00328388590556656  -1.95095914712861E-018 
       16.7919799498747                       0   2.41122681757438E-015    -0.00321031981315421  -1.91978517409659E-018 
       16.8421052631579                       0   2.37207268678965E-015    -0.00313675372074187  -1.88861120106457E-018 
       16.8922305764411                       0   2.33291855600492E-015    -0.00306318762832952  -1.85743722803254E-018 
       16.9423558897243                       0    2.2937644252202E-015    -0.00298962153591718  -1.82626325500052E-018 
       16.9924812030075                       0   2.25461029443548E-015    -0.00291605544350484   -1.7950892819685E-018 
       17.0426065162907                       0   2.21545616365075E-015     -0.0028424893510925  -1.76391530893648E-018 
       17.0927318295739                       0   2.23554560190297E-015    -0.00277184342401416  -1.68314124344001E-018 
       17.1428571428571                       0   2.19893699602318E-015    -0.00270240011408275  -1.65557864110765E-018 
       17.1929824561403                       0   2.16232839014339E-015    -0.00263295680415133  -1.62801603877529E-018 
       17.2431077694236                       0    2.1257197842636E-015    -0.00256351349421991  -1.60045343644293E-018 
       17.2932330827068                       0   2.08911117838382E-015     -0.0024940701842885  -1.57289083411057E-018 
         17.34335839599                       0   2.05250257250403E-015    -0.00242462687435708  -1.54532823177821E-018 
       17.3934837092732                       0   2.01589396662424E-015    -0.00235518356442566  -1.51776562944584E-018 
       17.4436090225564                       0   2.02674483322195E-015    -0.00229174749447174  -1.43301416593906E-018 
       17.4937343358396                       0   1.98709319604601E-015     -0.0022294177640979  -1.40497839308576E-018 
       17.5438596491228                       0   1.94744155887006E-015    -0.00216708803372407  -1.37694262023246E-018 
        17.593984962406                       0   1.90778992169411E-015    -0.00210475830335023  -1.34890684737916E-018 
       17.6441102756892                       0   1.86813828451816E-015    -0.00204242857297639  -1.32087107452586E-018 
       17.6942355889724                       0   1.82848664734221E-015    -0.00198009884260256  -1.29283530167256E-018 
       17.7443609022556                       0   1.78883501016626E-015    -0.00191776911222872  -1.26479952881926E-018 
       17.7944862155388                       0   1.78972493965689E-015    -0.00185723301702877  -1.19371983391314E-018 
       17.8446115288221                       0   1.74702513540287E-015    -0.00179701320919284  -1.16523970151246E-018 
       17.8947368421053                       0   1.70432533114885E-015    -0.00173679340135689  -1.13675956911178E-018 
       17.9448621553885                       0   1.66162552689483E-015    -0.00167657359352096   -1.1082794367111E-018 
       17.9949874686717                       0    1.6189257226408E-015    -0.00161635378568502  -1.07979930431041E-018 
       18.0451127819549                       0   1.57622591838679E-015    -0.00155613397784908  -1.05131917190973E-018 
       18.0952380952381                       0   1.53352611413277E-015    -0.00149591417001314  -1.02283903950905E-018 
       18.1453634085213                       0   1.52726878136739E-015    -0.00144369607066026  -9.48984262304045E-019 
       18.1954887218045                       0   1.48727339958477E-015    -0.00139454784089552  -9.24132717939627E-019 
       18.2456140350877                       0   1.44727801780216E-015    -0.00134539961113079  -8.99281173575211E-019 
       18.2957393483709                       0   1.40728263601955E-015    -0.00129625138136606  -8.74429629210794E-019 
       18.3458646616541                       0   1.36728725423694E-015    -0.00124710315160133  -8.49578084846378E-019 
       18.3959899749373                       0   1.32729187245433E-015    -0.00119795492183659   -8.2472654048196E-019 
       18.4461152882206                       0   1.28729649067172E-015    -0.00114880669207186  -7.99874996117544E-019 
       18.4962406015038                       0   1.27460112900041E-015    -0.00109928914758087  -7.31949187260453E-019 
        18.546365914787                       0   1.23159544193265E-015     -0.0010493376042861  -7.07252851300423E-019 
       18.5964912280702                       0   1.18858975486488E-015   -0.000999386060991333  -6.82556515340393E-019 
       18.6466165413534                       0   1.14558406779712E-015   -0.000949434517696563  -6.57860179380363E-019 
       18.6967418546366                       0   1.10257838072935E-015   -0.000899482974401789  -6.33163843420332E-019 
       18.7468671679198                       0   1.05957269366159E-015   -0.000849531431107019  -6.08467507460302E-019 
        18.796992481203                       0   1.01656700659382E-015    -0.00079957988781225  -5.83771171500272E-019 
       18.8471177944862                       0   9.94208899781419E-016    -0.00075098528632556  -4.13953491916268E-019 
       18.8972431077694                       0   9.51113073239592E-016   -0.000724164507826746  -3.96009910956644E-019 
       18.9473684210526                       0   9.08017246697765E-016   -0.000697343729327933  -3.78066329997019E-019 
       18.9974937343358                       0   8.64921420155935E-016   -0.000670522950829118  -3.60122749037393E-019 
        19.047619047619                       0   8.21825593614108E-016   -0.000643702172330304  -3.42179168077769E-019 
       19.0977443609023                       0   7.78729767072281E-016   -0.000616881393831491  -3.24235587118144E-019 
       19.1478696741855                       0   7.35633940530454E-016   -0.000590060615332678   -3.0629200615852E-019 
       19.1979949874687                       0   6.92538113988624E-016   -0.000563239836833862  -2.88348425198894E-019 
       19.2481203007519                       0   6.64230222403292E-016   -0.000521859921893878  -3.56583095205493E-019 
       19.2982456140351                       0   6.21003511363817E-016   -0.000466867316192936  -3.33377414557238E-019 
       19.3483709273183                       0   5.77776800324344E-016   -0.000411874710491998  -3.10171733908986E-019 
       19.3984962406015                       0   5.34550089284871E-016    -0.00035688210479106  -2.86966053260733E-019 
       19.4486215538847                       0   4.91323378245398E-016   -0.000301889499090121   -2.6376037261248E-019 
       19.4987468671679                       0   4.48096667205923E-016   -0.000246896893389179  -2.40554691964226E-019 
       19.5488721804511                       0    4.0486995616645E-016   -0.000191904287688241  -2.17349011315974E-019 
       19.5989974937343                       0   3.61643245126974E-016   -0.000136911681987299  -1.94143330667719E-019 
       19.6491228070175                       0   3.36370714874293E-016  -9.60801447076597E-005  -4.07552042415057E-019 
       19.6992481203008                       0   2.88317755606535E-016   -5.8118760382425E-005  -3.49330322070047E-019 
        19.749373433584                       0    2.4026479633878E-016  -2.01573760571929E-005   -2.9110860172504E-019 
       19.7994987468672                       0   1.92211837071022E-016   1.78040082680418E-005   -2.3288688138003E-019 
       19.8496240601504                       0   1.44158877803267E-016   5.57653925932739E-005  -1.74665161035023E-019 
       19.8997493734336                       0   9.61059185355127E-017    9.3726776918506E-005  -1.16443440690017E-019 
       19.9498746867168                       0   4.80529592677581E-017    0.000131688161243738  -5.82217203450106E-020 
                     20                       0                       0    0.000169649545568973                       0 
