                   -30                       1                       0       -161.988616943359                       0 
      -29.9499165275459                       1                       0        -194.19777983855                       0 
      -29.8998330550918                       1                       0        -226.40694273374                       0 
      -29.8497495826377                       1                       0       -269.133262010168                       0 
      -29.7996661101836                       1                       0       -322.202900372283                       0 
      -29.7495826377295                       1                       0       -375.115841007392                       0 
      -29.6994991652755                       1                       0       -409.381752128793                       0 
      -29.6494156928214                       1                       0       -443.647663250193                       0 
      -29.5993322203673                       1                       0       -468.896638797002                       0 
      -29.5492487479132                       1                       0       -485.568529285055                       0 
      -29.4991652754591                       1                       0       -501.975738932971                       0 
       -29.449081803005                       1                       0       -502.766779012792                       0 
      -29.3989983305509                       1                       0       -503.557819092612                       0 
      -29.3489148580968                       1                       0       -501.711992674559                       0 
      -29.2988313856427                       1                       0       -497.440249078461                       0 
      -29.2487479131886                       1                       0       -493.224972885718                       0 
      -29.1986644407346                       1                       0       -491.211925423802                       0 
      -29.1485809682805                       1                       0       -489.198877961886                       0 
      -29.0984974958264                       1                       0       -488.397601858403                       0 
      -29.0484140233723                       1                       0       -488.674516018723                       0 
      -28.9983305509182                       1                       0       -488.978010123481                       0 
      -28.9482470784641                       1                       0       -490.052322616959                       0 
        -28.89816360601                       1                       0       -491.126635110438                       0 
      -28.8480801335559                       1                       0       -492.199606868381                       0 
      -28.7979966611018                       1                       0       -493.271424970165                       0 
      -28.7479131886477                       1                       0       -494.336650969389                       0 
      -28.6978297161937                       1                       0       -495.250258609727                       0 
      -28.6477462437396                       1                       0       -496.163866250065                       0 
      -28.5976627712855                       1                       0       -497.008543495344                       0 
      -28.5475792988314                       1                       0       -497.795866442443                       0 
      -28.4974958263773                       1                       0       -498.578373012638                       0 
      -28.4474123539232                       1                       0       -499.269368421653                       0 
      -28.3973288814691                       1                       0       -499.960363830668                       0 
       -28.347245409015                       1                       0       -500.613853951328                       0 
      -28.2971619365609                       1                       0       -501.237170644515                       0 
      -28.2470784641068                       1                       0        -501.85728834149                       0 
      -28.1969949916528                       1                       0       -502.425765099629                       0 
      -28.1469115191987                       1                       0       -502.994241857768                       0 
      -28.0968280467446                       1                       0       -503.537868697178                       0 
      -28.0467445742905                       1                       0       -504.062167822021                       0 
      -27.9966611018364                       1                       0        -504.58423503691                       0 
      -27.9465776293823                       1                       0       -505.075055512443                       0 
      -27.8964941569282                       1                       0       -505.565875987975                       0 
      -27.8464106844741                       1                       0       -506.040405579123                       0 
        -27.79632721202                       1                       0       -506.502687279091                       0 
      -27.7462437395659                       1                       0       -506.963072507728                       0 
      -27.6961602671119                       1                       0       -507.400067923264                       0 
      -27.6460767946578                       1                       0         -507.8370633388                       0 
      -27.5959933222037                       1                       0       -508.261835725558                       0 
      -27.5459098497496                       1                       0       -508.677726630974                       0 
      -27.4958263772955                       1                       0        -509.09188022518                       0 
      -27.4457429048414                       1                       0        -509.48692339609                       0 
      -27.3956594323873                       1                       0          -509.881966567                       0 
      -27.3455759599332                       1                       0       -510.265638093519                       0 
      -27.2954924874791                       1                       0       -510.641325273976                       0 
       -27.245409015025                       1                       0       -511.015972309399                       0 
       -27.195325542571                       1                       0       -511.380312453128                       0 
      -27.1452420701169                       1                       0       -511.744652596857                       0 
      -27.0951585976628                       1                       0        -512.10459958492                       0 
      -27.0450751252087                       1                       0       -512.461566600258                       0 
      -26.9949916527546                       1                       0        -512.81778774357                       0 
      -26.9449081803005                       1                       0       -513.167296038645                       0 
      -26.8948247078464                       1                       0        -513.51680433372                       0 
      -26.8447412353923                       1                       0       -513.861658570763                       0 
      -26.7946577629382                       1                       0       -514.203463597369                       0 
      -26.7445742904841                       1                       0       -514.544412909048                       0 
      -26.6944908180301                       1                       0       -514.878319028622                       0 
       -26.644407345576                       1                       0       -515.212225148196                       0 
      -26.5943238731219                       1                       0       -515.540649108377                       0 
      -26.5442404006678                       1                       0       -515.865604763636                       0 
      -26.4941569282137                       1                       0       -516.189501932746                       0 
      -26.4440734557596                       1                       0       -516.505384849587                       0 
      -26.3939899833055                       1                       0       -516.821267766427                       0 
      -26.3439065108514                       1                       0       -517.133537279744                       0 
      -26.2938230383973                       1                       0       -517.443599949297                       0 
      -26.2437395659432                       1                       0       -517.753277455427                       0 
      -26.1936560934892                       1                       0       -518.060258817593                       0 
      -26.1435726210351                       1                       0       -518.367240179759                       0 
       -26.093489148581                       1                       0        -518.67219056908                       0 
      -26.0434056761269                       1                       0       -518.975943894936                       0 
      -25.9933222036728                       1                       0       -519.279182039239                       0 
      -25.9432387312187                       1                       0        -519.57907150345                       0 
      -25.8931552587646                       1                       0       -519.878960967661                       0 
      -25.8430717863105                       1                       0       -520.176262500489                       0 
      -25.7929883138564                       1                       0       -520.472092464492                       0 
      -25.7429048414023                       1                       0       -520.767319617168                       0 
      -25.6928213689482                       1                       0       -521.058894442397                       0 
      -25.6427378964942                       1                       0       -521.350469267627                       0 
      -25.5926544240401                       1                       0       -521.638916932681                       0 
       -25.542570951586                       1                       0       -521.925649703444                       0 
      -25.4924874791319                       1                       0       -522.211648829592                       0 
      -25.4424040066778                       1                       0       -522.493490636249                       0 
      -25.3923205342237                       1                       0       -522.775332442906                       0 
      -25.3422370617696                       1                       0       -523.054630642542                       0 
      -25.2921535893155                       1                       0       -523.332584132734                       0 
      -25.2420701168614                       1                       0       -523.610193013747                       0 
      -25.1919866444073                       1                       0       -523.885970024911                       0 
      -25.1419031719533                       1                       0       -524.161747036076                       0 
      -25.0918196994992                       1                       0       -524.436519565487                       0 
      -25.0417362270451                       1                       0       -524.710780377778                       0 
       -24.991652754591                       1                       0       -524.984747732223                       0 
      -24.9415692821369                       1                       0       -525.257247797436                       0 
      -24.8914858096828                       1                       0       -525.529747862649                       0 
      -24.8414023372287                       1                       0        -525.80093551916                       0 
      -24.7913188647746                       1                       0        -526.07147919873                       0 
      -24.7412353923205                       1                       0        -526.34164199447                       0 
      -24.6911519198664                       1                       0       -526.610009195012                       0 
      -24.6410684474124                       1                       0       -526.878376395555                       0 
      -24.5909849749583                       1                       0       -527.145198968496                       0 
      -24.5409015025042                       1                       0       -527.411291870729                       0 
      -24.4908180300501                       1                       0       -527.676927467817                       0 
       -24.440734557596                       1                       0       -527.940525978356                       0 
      -24.3906510851419                       1                       0       -528.204124488894                       0 
      -24.3405676126878                       1                       0       -528.465907229008                       0 
      -24.2904841402337                       1                       0       -528.726864618929                       0 
      -24.2404006677796                       1                       0       -528.987353291456                       0 
      -24.1903171953255                       1                       0       -529.245865199323                       0 
      -24.1402337228715                       1                       0        -529.50437710719                       0 
      -24.0901502504174                       1                       0       -529.761663828549                       0 
      -24.0400667779633                       1                       0       -530.018414989338                       0 
      -23.9899833055092                       1                       0       -530.274946056742                       0 
      -23.9398998330551                       1                       0       -530.530596750606                       0 
       -23.889816360601                       1                       0       -530.786247444471                       0 
      -23.8397328881469                       1                       0       -531.041243768097                       0 
      -23.7896494156928                       1                       0       -531.295965178781                       0 
      -23.7395659432387                       1                       0       -531.550482799294                       0 
      -23.6894824707846                       1                       0       -531.804226017158                       0 
      -23.6393989983305                       1                       0       -532.057969235021                       0 
      -23.5893155258765                       1                       0       -532.310893522081                       0 
      -23.5392320534224                       1                       0       -532.563487363379                       0 
      -23.4891485809683                       1                       0       -532.815826874544                       0 
      -23.4390651085142                       1                       0       -533.067246884456                       0 
      -23.3889816360601                       1                       0       -533.318666894368                       0 
       -23.338898163606                       1                       0       -533.569152628241                       0 
      -23.2888146911519                       1                       0       -533.819276532665                       0 
      -23.2387312186978                       1                       0        -534.06910331102                       0 
      -23.1886477462437                       1                       0       -534.317906655135                       0 
      -23.1385642737896                       1                       0        -534.56670999925                       0 
      -23.0884808013356                       1                       0       -534.814443444967                       0 
      -23.0383973288815                       1                       0        -535.06177949985                       0 
      -22.9883138564274                       1                       0       -535.308784599495                       0 
      -22.9382303839733                       1                       0       -535.554702274787                       0 
      -22.8881469115192                       1                       0        -535.80061995008                       0 
      -22.8380634390651                       1                       0       -536.045563712144                       0 
       -22.787979966611                       1                       0       -536.290160827127                       0 
      -22.7378964941569                       1                       0       -536.534503815767                       0 
      -22.6878130217028                       1                       0       -536.778049373468                       0 
      -22.6377295492487                       1                       0       -537.021594931168                       0 
      -22.5876460767947                       1                       0       -537.264538594598                       0 
      -22.5375626043406                       1                       0        -537.50727714322                       0 
      -22.4874791318865                       1                       0       -537.749844508099                       0 
      -22.4373956594324                       1                       0       -537.991898321747                       0 
      -22.3873121869783                       1                       0       -538.233952135395                       0 
      -22.3372287145242                       1                       0       -538.475452658728                       0 
      -22.2871452420701                       1                       0        -538.71677282776                       0 
       -22.237061769616                       1                       0       -538.957890836942                       0 
      -22.1869782971619                       1                       0       -539.198428451716                       0 
      -22.1368948247078                       1                       0       -539.438966066491                       0 
      -22.0868113522538                       1                       0       -539.678906983645                       0 
      -22.0367278797997                       1                       0       -539.918662044162                       0 
      -21.9866444073456                       1                       0       -540.158201902259                       0 
      -21.9365609348915                       1                       0       -540.397149953699                       0 
      -21.8864774624374                       1                       0       -540.636098005139                       0 
      -21.8363939899833                       1                       0       -540.874405136491                       0 
      -21.7863105175292                       1                       0       -541.112521724032                       0 
      -21.7362270450751                       1                       0       -541.350416384078                       0 
       -21.686143572621                       1                       0       -541.587725962542                       0 
      -21.6360601001669                       1                       0       -541.825035541006                       0 
      -21.5859766277129                       1                       0       -542.061640107373                       0 
      -21.5358931552588                       1                       0       -542.298044857477                       0 
      -21.4858096828047                       1                       0       -542.534200168412                       0 
      -21.4357262103506                       1                       0       -542.769724544977                       0 
      -21.3856427378965                       1                       0       -543.005248921542                       0 
      -21.3355592654424                       1                       0       -543.240137778459                       0 
      -21.2854757929883                       1                       0       -543.474855145946                       0 
      -21.2353923205342                       1                       0       -543.709351401098                       0 
      -21.1853088480801                       1                       0       -543.943310669149                       0 
       -21.135225375626                       1                       0         -544.1772699372                       0 
       -21.085141903172                       1                       0       -544.410703732295                       0 
      -21.0350584307179                       1                       0       -544.644002720191                       0 
      -20.9849749582638                       1                       0        -544.87712563338                       0 
      -20.9348914858097                       1                       0       -545.109837705583                       0 
      -20.8848080133556                       1                       0       -545.342549777787                       0 
      -20.8347245409015                       1                       0       -545.574809537706                       0 
      -20.7846410684474                       1                       0       -545.806959149037                       0 
      -20.7345575959933                       1                       0       -546.038927794697                       0 
      -20.6844741235392                       1                       0       -546.270490490336                       0 
      -20.6343906510851                       1                       0       -546.502053185974                       0 
      -20.5843071786311                       1                       0        -546.73311914307                       0 
       -20.534223706177                       1                       0       -546.964070468196                       0 
      -20.4841402337229                       1                       0       -547.194828192658                       0 
      -20.4340567612688                       1                       0        -547.42516814727                       0 
      -20.3839732888147                       1                       0       -547.655508101882                       0 
      -20.3338898163606                       1                       0       -547.885346223198                       0 
      -20.2838063439065                       1                       0       -548.115074807296                       0 
      -20.2337228714524                       1                       0       -548.344604695978                       0 
      -20.1836393989983                       1                       0       -548.573721909563                       0 
      -20.1335559265442                       1                       0       -548.802839123148                       0 
      -20.0834724540901                       1                       0       -549.031449408682                       0 
      -20.0333889816361                       1                       0       -549.259955251754                       0 
       -19.983305509182                       1                       0       -549.488249153048                       0 
      -19.9332220367279                       1                       0       -549.716119170786                       0 
      -19.8831385642738                       1                       0       -549.943989188524                       0 
      -19.8330550918197                       1                       0       -550.171388145281                       0 
      -19.7829716193656                       1                       0       -550.398695702147                       0 
      -19.7328881469115                       1                       0       -550.625794374087                       0 
      -19.6828046744574                       1                       0       -550.852490560439                       0 
      -19.6327212020033                       1                       0       -551.079186746791                       0 
      -19.5826377295492                       1                       0       -551.305365815585                       0 
      -19.5325542570952                       1                       0       -551.531450631423                       0 
      -19.4824707846411                       1                       0       -551.757355704331                       0 
       -19.432387312187                       1                       0       -551.982926968939                       0 
      -19.3823038397329                       1                       0       -552.208498233547                       0 
      -19.3322203672788                       1                       0       -552.433589062826                       0 
      -19.2821368948247                       1                       0       -552.658597866561                       0 
      -19.2320534223706                       1                       0        -552.88343141075                       0 
      -19.1819699499165                       1                       0       -553.107951118074                       0 
      -19.1318864774624                       1                       0       -553.332470825399                       0 
      -19.0818030050083                       1                       0       -553.556526502504                       0 
      -19.0317195325543                       1                       0       -553.780508203777                       0 
      -18.9816360601002                       1                       0         -554.0043105697                       0 
      -18.9315525876461                       1                       0       -554.227803174562                       0 
       -18.881469115192                       1                       0       -554.451295779424                       0 
      -18.8313856427379                       1                       0        -554.67429857461                       0 
      -18.7813021702838                       1                       0         -554.8972287186                       0 
      -18.7312186978297                       1                       0       -555.119984621994                       0 
      -18.6811352253756                       1                       0       -555.342450124394                       0 
      -18.6310517529215                       1                       0       -555.564915626793                       0 
      -18.5809682804674                       1                       0       -555.786929632069                       0 
      -18.5308848080134                       1                       0       -556.008881583238                       0 
      -18.4808013355593                       1                       0       -556.230655421797                       0 
      -18.4307178631052                       1                       0       -556.452142731375                       0 
      -18.3806343906511                       1                       0       -556.673630040954                       0 
       -18.330550918197                       1                       0       -556.894704981121                       0 
      -18.2804674457429                       1                       0       -557.115727649109                       0 
      -18.2303839732888                       1                       0       -557.336568332475                       0 
      -18.1803005008347                       1                       0       -557.557126358873                       0 
      -18.1302170283806                       1                       0       -557.777684385271                       0 
      -18.0801335559265                       1                       0       -557.997869985132                       0 
      -18.0300500834725                       1                       0       -558.218012279581                       0 
      -17.9799666110184                       1                       0       -558.437968717394                       0 
      -17.9298831385643                       1                       0       -558.657646370253                       0 
      -17.8797996661102                       1                       0       -558.877324023111                       0 
      -17.8297161936561                       1                       0       -559.096603673766                       0 
       -17.779632721202                       1                       0       -559.315841139855                       0 
      -17.7295492487479                       1                       0       -559.534878891577                       0 
      -17.6794657762938                       1                       0       -559.753627261256                       0 
      -17.6293823038397                       1                       0       -559.972375630934                       0 
      -17.5792988313856                       1                       0       -560.190722330186                       0 
      -17.5292153589316                       1                       0       -560.409030513095                       0 
      -17.4791318864775                       1                       0       -560.627145095341                       0 
      -17.4290484140234                       1                       0        -560.84498863666                       0 
      -17.3789649415693                       1                       0       -561.062832177979                       0 
      -17.3288814691152                       1                       0        -561.28022534302                       0 
      -17.2787979966611                       1                       0       -561.497579787928                       0 
       -17.228714524207                       1                       0       -561.714726366861                       0 
      -17.1786310517529                       1                       0       -561.931591715359                       0 
      -17.1285475792988                       1                       0       -562.148457063856                       0 
      -17.0784641068447                       1                       0        -562.36491340548                       0 
      -17.0283806343907                       1                       0       -562.581338567208                       0 
      -16.9782971619366                       1                       0       -562.797572981336                       0 
      -16.9282136894825                       1                       0       -563.013557956294                       0 
      -16.8781302170284                       1                       0       -563.229542931253                       0 
      -16.8280467445743                       1                       0       -563.445115231114                       0 
      -16.7779632721202                       1                       0       -563.660660019303                       0 
      -16.7278797996661                       1                       0       -563.876010391668                       0 
       -16.677796327212                       1                       0       -564.091114993087                       0 
      -16.6277128547579                       1                       0       -564.306219594507                       0 
      -16.5776293823038                       1                       0       -564.520954112975                       0 
      -16.5275459098497                       1                       0       -564.735667437265                       0 
      -16.4774624373957                       1                       0       -564.950193682179                       0 
      -16.4273789649416                       1                       0        -565.16449127452                       0 
      -16.3772954924875                       1                       0       -565.378788866861                       0 
      -16.3272120200334                       1                       0       -565.592713115609                       0 
      -16.2771285475793                       1                       0       -565.806619430822                       0 
      -16.2270450751252                       1                       0       -566.020335202225                       0 
      -16.1769616026711                       1                       0       -566.233825785489                       0 
       -16.126878130217                       1                       0       -566.447316368753                       0 
      -16.0767946577629                       1                       0        -566.66043034778                       0 
      -16.0267111853088                       1                       0       -566.873529653915                       0 
      -15.9766277128548                       1                       0       -567.086457776307                       0 
      -15.9265442404007                       1                       0       -567.299190260134                       0 
      -15.8764607679466                       1                       0       -567.511922743961                       0 
      -15.8263772954925                       1                       0        -567.72427536291                       0 
      -15.7762938230384                       1                       0       -567.936616569608                       0 
      -15.7262103505843                       1                       0       -568.148783535711                       0 
      -15.6761268781302                       1                       0       -568.360757920101                       0 
      -15.6260434056761                       1                       0       -568.572732304492                       0 
       -15.575959933222                       1                       0       -568.784347508706                       0 
      -15.5258764607679                       1                       0       -568.995955070789                       0 
      -15.4757929883139                       1                       0       -569.207373515592                       0 
      -15.4257095158598                       1                       0       -569.418589800546                       0 
      -15.3756260434057                       1                       0       -569.629806085501                       0 
      -15.3255425709516                       1                       0       -569.840684282561                       0 
      -15.2754590984975                       1                       0       -570.051558200027                       0 
      -15.2253756260434                       1                       0       -570.262251763193                       0 
      -15.1752921535893                       1                       0       -570.472758858351                       0 
      -15.1252086811352                       1                       0        -570.68326595351                       0 
      -15.0751252086811                       1                       0       -570.893359048936                       0 
       -15.025041736227                       1                       0       -571.103450412145                       0 
       -14.974958263773                       1                       0       -571.313358364201                       0 
      -14.9248747913189                       1                       0       -571.523082905102                       0 
      -14.8747913188648                       1                       0       -571.732806019473                       0 
      -14.8247078464107                       1                       0       -571.942188192887                       0 
      -14.7746243739566                       1                       0       -572.151570366301                       0 
      -14.7245409015025                       1                       0       -572.360753640508                       0 
      -14.6744574290484                       1                       0       -572.569744536793                       0 
      -14.6243739565943                       1                       0       -572.778731153485                       0 
      -14.5742904841402                       1                       0       -572.987379682283                       0 
      -14.5242070116861                       1                       0       -573.196028211081                       0 
      -14.4741235392321                       1                       0       -573.404512485001                       0 
       -14.424040066778                       1                       0       -573.612843101132                       0 
      -14.3739565943239                       1                       0       -573.821167094083                       0 
      -14.3238731218698                       1                       0       -574.029179797547                       0 
      -14.2737896494157                       1                       0       -574.237192501011                       0 
      -14.2237061769616                       1                       0       -574.445038300325                       0 
      -14.1736227045075                       1                       0       -574.652733091122                       0 
      -14.1235392320534                       1                       0       -574.860420035998                       0 
      -14.0734557595993                       1                       0       -575.067845823769                       0 
      -14.0233722871452                       1                       0        -575.27527161154                       0 
      -13.9732888146912                       1                       0       -575.482553931031                       0 
      -13.9232053422371                       1                       0       -575.689710715776                       0 
       -13.873121869783                       1                       0       -575.896856495852                       0 
      -13.8230383973289                       1                       0       -576.103719822751                       0 
      -13.7729549248748                       1                       0        -576.31058314965                       0 
      -13.7228714524207                       1                       0       -576.517300766577                       0 
      -13.6727879799666                       1                       0        -576.72389509045                       0 
      -13.6227045075125                       1                       0       -576.930475964172                       0 
      -13.5726210350584                       1                       0       -577.136776830199                       0 
      -13.5225375626043                       1                       0       -577.343077696225                       0 
      -13.4724540901503                       1                       0       -577.549244060739                       0 
      -13.4223706176962                       1                       0       -577.755300378561                       0 
      -13.3722871452421                       1                       0       -577.961340800749                       0 
       -13.322203672788                       1                       0       -578.167103660724                       0 
      -13.2721202003339                       1                       0       -578.372866520699                       0 
      -13.2220367278798                       1                       0       -578.578492841259                       0 
      -13.1719532554257                       1                       0       -578.784011153028                       0 
      -13.1218697829716                       1                       0       -578.989512652109                       0 
      -13.0717863105175                       1                       0       -579.194761960853                       0 
      -13.0217028380634                       1                       0       -579.400011269596                       0 
      -12.9716193656093                       1                       0       -579.605094285561                       0 
      -12.9215358931553                       1                       0       -579.810050136458                       0 
      -12.8714524207012                       1                       0       -580.014990397407                       0 
      -12.8213689482471                       1                       0        -580.21972615492                       0 
       -12.771285475793                       1                       0       -580.424461912432                       0 
      -12.7212020033389                       1                       0       -580.629042993205                       0 
      -12.6711185308848                       1                       0       -580.833509747691                       0 
      -12.6210350584307                       1                       0       -581.037955206105                       0 
      -12.5709515859766                       1                       0       -581.242152957566                       0 
      -12.5208681135225                       1                       0       -581.446350709027                       0 
      -12.4707846410684                       1                       0       -581.650405807368                       0 
      -12.4207011686144                       1                       0       -581.854359010623                       0 
      -12.3706176961603                       1                       0       -582.058292955707                       0 
      -12.3205342237062                       1                       0       -582.262026065578                       0 
      -12.2704507512521                       1                       0       -582.465759175449                       0 
       -12.220367278798                       1                       0       -582.669347594298                       0 
      -12.1702838063439                       1                       0       -582.872836155963                       0 
      -12.1202003338898                       1                       0       -583.076303625346                       0 
      -12.0701168614357                       1                       0       -583.279572093626                       0 
      -12.0200333889816                       1                       0       -583.482840561907                       0 
      -11.9699499165275                       1                       0       -583.685991647048                       0 
      -11.9198664440735                       1                       0       -583.889064476765                       0 
      -11.8697829716194                       1                       0       -584.092114380087                       0 
      -11.8196994991653                       1                       0       -584.294967116418                       0 
      -11.7696160267112                       1                       0       -584.497819852749                       0 
      -11.7195325542571                       1                       0       -584.700553575621                       0 
       -11.669449081803                       1                       0       -584.903210673388                       0 
      -11.6193656093489                       1                       0       -585.105851264151                       0 
      -11.5692821368948                       1                       0       -585.308361632995                       0 
      -11.5191986644407                       1                       0       -585.510872001839                       0 
      -11.4691151919866                       1                       0       -585.713276807374                       0 
      -11.4190317195326                       1                       0       -585.915615992474                       0 
      -11.3689482470785                       1                       0        -586.11793744783                       0 
      -11.3188647746244                       1                       0       -586.320129904007                       0 
      -11.2687813021703                       1                       0       -586.522322360184                       0 
      -11.2186978297162                       1                       0       -586.724468963572                       0 
      -11.1686143572621                       1                       0       -586.926588055288                       0 
       -11.118530884808                       1                       0       -587.128694512012                       0 
      -11.0684474123539                       1                       0       -587.330715784445                       0 
      -11.0183639398998                       1                       0       -587.532737056879                       0 
      -10.9682804674457                       1                       0       -587.734758329312                       0 
      -10.9181969949917                       1                       0       -587.936779601745                       0 
      -10.8681135225376                       1                       0       -588.138804236716                       0 
      -10.8180300500835                       1                       0        -588.34084996397                       0 
      -10.7679465776294                       1                       0       -588.542895691224                       0 
      -10.7178631051753                       1                       0       -588.744957110321                       0 
      -10.6677796327212                       1                       0       -588.947027292395                       0 
      -10.6176961602671                       1                       0       -589.149108173453                       0 
       -10.567612687813                       1                       0       -589.351251719989                       0 
      -10.5175292153589                       1                       0       -589.553395266525                       0 
      -10.4674457429048                       1                       0       -589.755586499961                       0 
      -10.4173622704508                       1                       0       -589.957803410958                       0 
      -10.3672787979967                       1                       0       -590.160039172547                       0 
      -10.3171953255426                       1                       0       -590.362378357647                       0 
      -10.2671118530885                       1                       0       -590.564717542747                       0 
      -10.2170283806344                       1                       0       -590.767137224965                       0 
      -10.1669449081803                       1                       0       -590.969598684168                       0 
      -10.1168614357262                       1                       0       -591.172087960729                       0 
      -10.0667779632721                       1                       0       -591.374720603675                       0 
       -10.016694490818                       1                       0       -591.577353246622                       0 
      -9.96661101836394                       1                       0       -591.780132618492                       0 
      -9.91652754590985                       1                       0       -591.982985354823                       0 
      -9.86644407345576                       1                       0       -592.185888223537                       0 
      -9.81636060100167                       1                       0       -592.389034417714                       0 
      -9.76627712854758                       1                       0       -592.592180611892                       0 
      -9.71619365609349                       1                       0       -592.795491876109                       0 
       -9.6661101836394                       1                       0       -592.998882618492                       0 
      -9.61602671118531                       1                       0       -593.202334701716                       0 
      -9.56594323873122                       1                       0       -593.406067811587                       0 
      -9.51585976627713                       1                       0       -593.609800921458                       0 
      -9.46577629382304                       1                       0       -593.813784693239                       0 
      -9.41569282136895                       1                       0       -594.017884625417                       0 
      -9.36560934891486                       1                       0       -594.222057922058                       0 
      -9.31552587646077                       1                       0       -594.426549131365                       0 
      -9.26544240400668                       1                       0       -594.631040340672                       0 
      -9.21535893155259                       1                       0       -594.835852927079                       0 
       -9.1652754590985                       1                       0       -595.040808777976                       0 
      -9.11519198664441                       1                       0       -595.245865199323                       0 
      -9.06510851419032                       1                       0       -595.451334601452                       0 
      -9.01502504173623                       1                       0        -595.65680400358                       0 
      -8.96494156928214                       1                       0       -595.862718483442                       0 
      -8.91485809682805                       1                       0       -596.068823710905                       0 
      -8.86477462437396                       1                       0       -596.275063745565                       0 
      -8.81469115191987                       1                       0       -596.481829253182                       0 
      -8.76460767946578                       1                       0       -596.688594760799                       0 
      -8.71452420701169                       1                       0       -596.895879933352                       0 
      -8.66444073455759                       1                       0       -597.103379085585                       0 
       -8.6143572621035                       1                       0       -597.311065317195                       0 
      -8.56427378964942                       1                       0       -597.519444842967                       0 
      -8.51419031719533                       1                       0        -597.72782436874                       0 
      -8.46410684474123                       1                       0       -597.936869880791                       0 
      -8.41402337228714                       1                       0       -598.146178689743                       0 
      -8.36393989983306                       1                       0       -598.355714317156                       0 
      -8.31385642737897                       1                       0       -598.566050228571                       0 
      -8.26377295492487                       1                       0       -598.776386139986                       0 
      -8.21368948247078                       1                       0       -598.987573079155                       0 
       -8.1636060100167                       1                       0       -599.199082821956                       0 
      -8.11352253756261                       1                       0       -599.410878380471                       0 
      -8.06343906510851                       1                       0       -599.623635319119                       0 
      -8.01335559265442                       1                       0       -599.836392257767                       0 
      -7.96327212020034                       1                       0       -600.050153474378                       0 
      -7.91318864774624                       1                       0       -600.264279882976                       0 
      -7.86310517529215                       1                       0       -600.478772196825                       0 
      -7.81302170283806                       1                       0       -600.694439259117                       0 
      -7.76293823038397                       1                       0       -600.910106321408                       0 
      -7.71285475792988                       1                       0       -601.127006721815                       0 
      -7.66277128547579                       1                       0       -601.344336711903                       0 
       -7.6126878130217                       1                       0       -601.562111575934                       0 
      -7.56260434056761                       1                       0       -601.781251222741                       0 
      -7.51252086811352                       1                       0       -602.000390869548                       0 
      -7.46243739565943                       1                       0       -602.221016146703                       0 
      -7.41235392320534                       1                       0       -602.442136633973                       0 
      -7.36227045075125                       1                       0       -602.663810309663                       0 
      -7.31218697829716                       1                       0       -602.887107275961                       0 
      -7.26210350584307                       1                       0       -603.110404242259                       0 
      -7.21202003338898                       1                       0       -603.335481519492                       0 
      -7.16193656093489                       1                       0       -603.561126148561                       0 
       -7.1118530884808                       1                       0       -603.787451233012                       0 
      -7.06176961602671                       1                       0       -604.015688073058                       0 
      -7.01168614357262                       1                       0       -604.243924913104                       0 
      -6.96160267111853                       1                       0       -604.474336601856                       0 
      -6.91151919866444                       1                       0       -604.705410201084                       0 
      -6.86143572621035                       1                       0       -604.937311697882                       0 
      -6.81135225375626                       1                       0       -605.171442149677                       0 
      -6.76126878130217                       1                       0       -605.405572601471                       0 
      -6.71118530884808                       1                       0       -605.642299543836                       0 
      -6.66110183639399                       1                       0       -605.879780306044                       0 
       -6.6110183639399                       1                       0       -606.118264632949                       0 
      -6.56093489148581                       1                       0       -606.359340253776                       0 
      -6.51085141903172                       1                       0       -606.600415874602                       0 
      -6.46076794657763                       1                       0        -606.84461396843                       0 
      -6.41068447412354                       1                       0       -607.089675725004                       0 
      -6.36060100166945                       1                       0       -607.335960833975                       0 
      -6.31051752921536                       1                       0       -607.585277729321                       0 
      -6.26043405676127                       1                       0       -607.834594624667                       0 
      -6.21035058430718                       1                       0       -608.087589932603                       0 
      -6.16026711185309                       1                       0       -608.341553243851                       0 
        -6.110183639399                       1                       0        -608.59700687262                       0 
      -6.06010016694491                       1                       0       -608.856007876898                       0 
      -6.01001669449082                       1                       0       -609.115008881176                       0 
      -5.95993322203673                       1                       0       -609.378392189293                       0 
      -5.90984974958264                       1                       0       -609.642871073371                       0 
      -5.85976627712855                       1                       0       -609.909142597689                       0 
      -5.80968280467446                       1                       0       -610.179515093515                       0 
      -5.75959933222037                       1                       0       -610.449887589342                       0 
      -5.70951585976628                       1                       0        -610.72547874387                       0 
      -5.65943238731219                       1                       0       -611.002307312317                       0 
       -5.6093489148581                       1                       0       -611.281298603956                       0 
      -5.55926544240401                       1                       0       -611.565047886614                       0 
      -5.50918196994992                       1                       0       -611.848797169273                       0 
      -5.45909849749583                       1                       0       -612.138717625893                       0 
      -5.40901502504174                       1                       0       -612.430023448097                       0 
      -5.35893155258765                       1                       0       -612.723934116268                       0 
      -5.30884808013355                       1                       0       -613.023358938889                       0 
      -5.25876460767946                       1                       0        -613.32278376151                       0 
      -5.20868113522538                       1                       0       -613.629532191511                       0 
      -5.15859766277129                       1                       0       -613.937834113986                       0 
      -5.10851419031719                       1                       0       -614.249283473758                       0 
       -5.0584307178631                       1                       0       -614.567147231062                       0 
      -5.00834724540902                       1                       0       -614.885010988366                       0 
      -4.95826377295493                       1                       0       -615.211515448925                       0 
      -4.90818030050083                       1                       0       -615.539748050136                       0 
      -4.85809682804674                       1                       0       -615.871769008732                       0 
      -4.80801335559266                       1                       0       -616.211226372568                       0 
      -4.75792988313857                       1                       0       -616.550683736403                       0 
      -4.70784641068447                       1                       0       -616.900411921073                       0 
      -4.65776293823038                       1                       0       -617.252072240355                       0 
       -4.6076794657763                       1                       0        -617.60829104008                       0 
       -4.5575959933222                       1                       0        -617.97313250763                       0 
      -4.50751252086811                       1                       0        -618.33797397518                       0 
      -4.45742904841402                       1                       0       -618.714996388838                       0 
      -4.40734557595993                       1                       0       -619.094168381221                       0 
      -4.35726210350584                       1                       0       -619.478840160848                       0 
      -4.30717863105175                       1                       0        -619.87354096427                       0 
      -4.25709515859766                       1                       0       -620.268241767692                       0 
      -4.20701168614357                       1                       0       -620.677383957801                       0 
      -4.15692821368948                       1                       0       -621.088909677751                       0 
      -4.10684474123539                       1                       0       -621.507066322288                       0 
       -4.0567612687813                       1                       0       -621.936884247998                       0 
      -4.00667779632721                       1                       0       -622.366702173707                       0 
      -3.95659432387312                       1                       0       -622.813750965965                       0 
      -3.90651085141903                       1                       0       -623.263450660769                       0 
      -3.85642737896494                       1                       0       -623.721176121987                       0 
      -3.80634390651085                       1                       0       -624.192518332964                       0 
      -3.75626043405676                       1                       0        -624.66386054394                       0 
      -3.70617696160267                       1                       0       -625.155744804166                       0 
      -3.65609348914858                       1                       0       -625.650563642855                       0 
      -3.60601001669449                       1                       0       -626.155090739612                       0 
       -3.5559265442404                       1                       0         -626.6755137754                       0 
      -3.50584307178631                       1                       0       -627.195936811189                       0 
      -3.45575959933222                       1                       0       -627.741093860047                       0 
      -3.40567612687813                       1                       0       -628.289517665347                       0 
      -3.35559265442404                       1                       0       -628.849739393129                       0 
      -3.30550918196995                       1                       0       -629.428609449995                       0 
      -3.25542570951586                       1                       0        -630.00747950686                       0 
      -3.20534223706177                       1                       0        -630.61609233162                       0 
      -3.15525876460768                       1                       0       -631.228318763695                       0 
      -3.10517529215359                       1                       0        -631.85496844513                       0 
       -3.0550918196995                       1                       0         -632.5036325598                       0 
      -3.00500834724541                       1                       0        -633.15229667447                       0 
      -2.95492487479132                       1                       0       -633.836858020203                       0 
      -2.90484140233723                       1                       0       -634.525407947165                       0 
      -2.85475792988314                       1                       0       -635.231649917832                       0 
      -2.80467445742905                       1                       0        -635.96397397355                       0 
      -2.75459098497496                       1                       0       -636.696298029268                       0 
      -2.70450751252087                       1                       0       -637.472337522172                       0 
      -2.65442404006678                       1                       0       -638.252788664701                       0 
      -2.60434056761269                       1                       0       -639.055079490394                       0 
       -2.5542570951586                       1                       0        -639.88847531938                       0 
      -2.50417362270451                       1                       0       -640.721871148366                       0 
      -2.45409015025042                       1                       0       -641.608888247176                       0 
      -2.40400667779633                       1                       0        -642.50078000688                       0 
      -2.35392320534224                       1                       0       -643.419913112023                       0 
      -2.30383973288815                       1                       0        -644.37653678168                       0 
      -2.25375626043406                       1                       0       -645.333160451338                       0 
      -2.20367278797997                       1                       0       -646.356198522603                       0 
      -2.15358931552588                       1                       0       -647.384621545349                       0 
      -2.10350584307179                       1                       0       -648.447395337444                       0 
       -2.0534223706177                       1                       0       -649.555858987799                       0 
      -2.00333889816361                       1                       0       -650.664322638153                       0 
      -1.95325542570951                       1                       0       -651.856232657457                       0 
      -1.90317195325542                       1                       0       -653.054103131684                       0 
      -1.85308848080134                       1                       0       -654.295957129069                       0 
      -1.80300500834725                       1                       0       -655.594361370513                       0 
      -1.75292153589315                       1                       0       -656.892765611957                       0 
      -1.70283806343906                       1                       0       -658.297905974476                       0 
      -1.65275459098498                       1                       0       -659.709658309096                       0 
      -1.60267111853089                       1                       0        -661.17902090235                       0 
      -1.55258764607679                       1                       0       -662.719992508673                       0 
       -1.5025041736227                       1                       0       -664.260964114996                       0 
      -1.45242070116862                       1                       0       -665.941792839955                       0 
      -1.40233722871453                       1                       0       -667.629982465894                       0 
      -1.35225375626043                       1                       0       -669.396251239044                       0 
      -1.30217028380634                       1                       0       -671.256358253339                       0 
      -1.25208681135226                       1                       0       -673.116465267633                       0 
      -1.20200333889816                       1                       0       -675.166191903498                       0 
      -1.15191986644407                       1                       0       -677.224162870735                       0 
      -1.10183639398998                       1                       0       -679.394004554303                       0 
      -1.05175292153589                       1                       0       -681.693858151444                       0 
       -1.0016694490818                       1                       0       -683.993711748585                       0 
     -0.951585976627712                       1                       0       -686.563435702571                       0 
     -0.901502504173621                       1                       0       -689.142465530931                       0 
     -0.851419031719534                       1                       0       -691.899423436848                       0 
     -0.801335559265443                       1                       0       -694.856353606923                       0 
     -0.751252086811352                       1                       0       -697.813283776998                       0 
     -0.701168614357261                       1                       0       -701.180559721932                       0 
     -0.651085141903174                       1                       0       -704.558357353401                       0 
     -0.601001669449083                       1                       0       -708.297231429009                       0 
     -0.550918196994992                       1                       0        -712.42857990042                       0 
     -0.500834724540901                       1                       0       -716.559928371831                       0 
     -0.450751252086814                       1                       0       -721.402257546757                       0 
      -0.40066777963272                       1                       0       -726.256637242083                       0 
     -0.350584307178629                       1                       0       -732.348801958342                       0 
     -0.300500834724538                       1                       0       -739.742227850454                       0 
     -0.250417362270451                       1                       0       -747.135653742566                       0 
      -0.20033388981636                       1                       0       -756.481966607758                       0 
     -0.150250417362269                       1                       0        -765.84469028785                       0 
     -0.100166944908182                       1                       0       -775.525526858729                       0 
    -0.0500834724540908                       1                       0       -785.529822755536                       0 
                      0                       1                       0       -795.534118652344                       0 
