                      0                       0                       0       -895.773376464844                       0 
      0.050125313283208                       0   8.64557390999317E-016       -896.270051010206  -5.44358739184442E-016 
      0.100250626566416                       0   1.30143473013665E-015        -898.48992647166  -3.36204918388746E-016 
      0.150375939849624                       0     1.478780679904E-015        -902.69665208715  -2.64979226752997E-018 
      0.200501253132832                       0    1.3487238662094E-015       -906.322208058205   2.30948534522548E-016 
       0.25062656641604                       0   1.05997338739152E-015       -907.153735628483   3.04419914103416E-016 
      0.300751879699248                       0   7.26600860891291E-016       -906.634816541571   2.47768142895302E-016 
      0.350877192982456                       0   3.66622413284774E-016       -906.751859037931   1.71287930336494E-016 
      0.401002506265664                       0  -8.37825272331889E-017       -908.018391657873   2.03382523755827E-016 
      0.451127819548872                       0  -6.69867342270673E-016        -910.43290095393   3.61501109785946E-016 
       0.50125313283208                       0  -1.41692059579472E-015       -913.076328351766   5.72205400783033E-016 
      0.551378446115288                       0  -2.30727443887162E-015       -915.045574460127   7.97492633154798E-016 
      0.601503759398496                       0   -3.2392356679257E-015        -916.24982862192   9.73309796184569E-016 
      0.651629072681704                       0  -4.17096508613801E-015       -917.829333399225   1.02911380754493E-015 
      0.701754385964912                       0  -5.00467463898843E-015       -922.418073569224   9.54927261927063E-016 
       0.75187969924812                       0  -5.74663817280712E-015       -931.349706098915   8.22311717966473E-016 
      0.802005012531328                       0  -6.34210840222983E-015       -943.261491872502   6.75764849755753E-016 
      0.852130325814536                       0  -6.85599810918374E-015        -955.65866122813   5.49652635401887E-016 
      0.902255639097744                       0  -7.23858871455859E-015       -966.542523876642   4.43476389483458E-016 
      0.952380952380952                       0  -7.57165683850104E-015       -974.880866442275   3.59194009258074E-016 
       1.00250626566416                       0  -7.79890330658392E-015       -980.271924747275   2.89221449523096E-016 
       1.05263157894737                       0  -8.00565733521365E-015       -982.723279339234   2.33287876591046E-016 
       1.10275689223058                       0  -8.12749286529421E-015       -982.454364894686   1.85960405305673E-016 
       1.15288220551378                       0  -8.25013783847057E-015       -979.619107407796   1.46789443306277E-016 
       1.20300751879699                       0  -8.30216855542103E-015       -974.375291050727   1.12977985667752E-016 
        1.2531328320802                       0   -8.3647346194734E-015       -966.957374731904    8.4298152320539E-017 
       1.30325814536341                       0  -8.36317724404716E-015        -957.65260262192   5.81775591072944E-017 
       1.35338345864662                       0  -8.37872554525636E-015       -946.736284070506   3.50930076546652E-017 
       1.40350877192982                       0  -8.33590247956313E-015       -934.364750611102   1.47425507032899E-017 
       1.45363408521303                       0  -8.31456353394838E-015       -920.642436112365  -3.14442884750098E-018 
       1.50375939849624                       0  -8.23947487096091E-015       -905.715801738002  -1.91447451045548E-017 
       1.55388471177945                       0  -8.18875185274381E-015       -889.759974189363  -3.35715197618381E-017 
       1.60401002506266                       0  -8.08803960975495E-015       -872.837704364459  -4.63598682436506E-017 
       1.65413533834586                       0  -8.01280491601195E-015       -855.009978812867  -5.81575276188061E-017 
       1.70426065162907                       0  -7.89003081752873E-015       -836.413999202179  -6.86860387697359E-017 
       1.75438596491228                       0   -7.7926600877628E-015       -817.170822906769  -7.85173536119642E-017 
       1.80451127819549                       0  -7.65037103569445E-015         -797.4033069202  -8.72464436588807E-017 
        1.8546365914787                       0  -7.53468655628013E-015       -777.177190137148  -9.59543775163934E-017 
        1.9047619047619                       0  -7.37789513002101E-015        -756.53333551113  -1.03695332256365E-016 
       1.95488721804511                       0  -7.24758117573092E-015       -735.540393225373  -1.11233783514357E-016 
       2.00501253132832                       0   -7.0788611622228E-015        -714.26742127161  -1.17645560405244E-016 
       2.05513784461153                       0  -6.93633851976909E-015       -692.782856604323  -1.23986924841399E-016 
       2.10526315789474                       0  -6.75814775042213E-015       -671.150997271537  -1.29222392021999E-016 
       2.15538847117795                       0  -6.60556254648696E-015       -649.432264890439  -1.34509243283611E-016 
       2.20551378446115                       0  -6.41996018359683E-015       -627.682532941101  -1.38713701368208E-016 
       2.25563909774436                       0  -6.25918043204144E-015       -605.954208458245  -1.43065879087532E-016 
       2.30576441102757                       0  -6.06797567862957E-015        -584.29566935751    -1.463535144116E-016 
       2.35588972431078                       0  -5.90067527524358E-015       -562.751907760862  -1.49862746933314E-016 
       2.40601503759398                       0  -5.70549256232905E-015       -541.364538521477  -1.52321817055862E-016 
       2.45614035087719                       0  -5.53319527421727E-015       -520.171718515894  -1.55058532233992E-016 
        2.5062656641604                       0  -5.33550658297632E-015       -499.208902587821   -1.5675876484319E-016 
       2.55639097744361                       0  -5.15960939187908E-015       -478.508351119704  -1.58779683645633E-016 
       2.60651629072682                       0   -4.9607559110174E-015       -458.099685148211  -1.59780530862179E-016 
       2.65664160401002                       0  -4.78254244145938E-015       -438.009731720867  -1.61135631990278E-016 
       2.70676691729323                       0  -4.58374258165232E-015        -418.26250318247  -1.61489871849073E-016 
       2.75689223057644                       0  -4.40439178215837E-015       -398.879923375061  -1.62222745726473E-016 
       2.80701754385965                       0  -4.20675550699949E-015       -379.881454306979  -1.61977318907783E-016 
       2.85714285714286                       0  -4.02735075368124E-015       -361.284377238808  -1.62129328150761E-016 
       2.90726817042607                       0   -3.8318838971009E-015       -343.103965353994  -1.61332401155091E-016 
       2.95739348370927                       0  -3.65341277031655E-015       -325.353268055263  -1.60950112437939E-016 
       3.00751879699248                       0  -3.46101272180258E-015       -308.043808200538  -1.59656924877346E-016 
       3.05764411027569                       0  -3.28436081091756E-015       -291.185246503509  -1.58796388988042E-016 
        3.1077694235589                       0  -3.09581449374926E-015       -274.785524644445   -1.5707392646799E-016 
       3.15789473684211                       0  -2.92175734323297E-015       -258.851161682331  -1.55807318756677E-016 
       3.20802005012531                       0  -2.73772709218954E-015       -243.386932361214  -1.53740332588203E-016 
       3.25814536340852                       0  -2.56691352713022E-015       -228.396346581743  -1.52158677375334E-016 
       3.30827067669173                       0  -2.38792080654974E-015       -213.881432046819  -1.49850365598345E-016 
       3.35839598997494                       0  -2.22085537605088E-015       -199.842829967478  -1.48061904359331E-016 
       3.40852130325815                       0  -2.04727027950198E-015        -186.27988001326  -1.45621704600341E-016 
       3.45864661654135                       0  -1.88430600512136E-015       -173.190369466926  -1.43726645910379E-016 
       3.50877192982456                       0  -1.71633654266943E-015       -160.570951862523  -1.41241540370149E-016 
       3.55889724310777                       0  -1.55766743499091E-015       -148.417175062239  -1.39307262983124E-016 
       3.60902255639098                       0  -1.39539058015825E-015       -136.723676066505  -1.36826634070071E-016 
       3.65914786967419                       0  -1.24111391210461E-015       -125.484215700219   -1.3489380841104E-016 
       3.70927318295739                       0  -1.08452135911938E-015       -114.691656142899  -1.32457608182091E-016 
        3.7593984962406                       0  -9.34633937338844E-016       -104.338092764697  -1.30573735255968E-016 
       3.80952380952381                       0  -7.83526922375321E-016       -94.4136719917498  -1.28269479808979E-016 
       3.85964912280702                       0  -6.37666347766541E-016       -84.9075563561028  -1.26668608627272E-016 
       3.90977443609023                       0  -4.91518963781405E-016       -75.8119018339938  -1.24992112044151E-016 
       3.95989974937343                       0  -3.49582724513939E-016       -67.1167147146211  -1.24170580383597E-016 
       4.01002506265664                       0   -2.0945828329929E-016       -58.7841727703109  -1.22549360522288E-016 
       4.06015037593985                       0  -7.34705507073264E-017       -50.7580545683341  -1.20330414054738E-016 
       4.11027568922306                       0    6.0112096486582E-017       -43.0548711365945  -1.16548020543348E-016 
       4.16040100250627                       0   1.90906338514906E-016       -35.7246021494458  -1.12284392954023E-016 
       4.21052631578947                       0   3.18237729605192E-016       -28.7836507523711  -1.07571194201402E-016 
       4.26065162907268                       0   4.44493519108791E-016       -22.2512231289246  -1.04272967190692E-016 
       4.31077694235589                       0   5.66090833964779E-016       -16.0976195368852  -1.01550251463953E-016 
        4.3609022556391                       0   6.86575094895467E-016       -10.2661245479096  -9.96257926709932E-017 
       4.41102756892231                       0   8.01254719406305E-016       -4.72841784099599  -9.72541228050716E-017 
       4.46115288220551                       0   9.15803212527187E-016       0.537833077574747  -9.44848143956019E-017 
       4.51127819548872                       0   1.02526288021178E-015        5.56417035750327  -9.08033090761504E-017 
       4.56140350877193                       0   1.13612884266015E-015        10.3607698919376  -8.81832614959339E-017 
       4.61152882205514                       0   1.23997354063497E-015        14.9026122182452  -8.64479152213968E-017 
       4.66165413533835                       0   1.34528775214619E-015        19.1706862509025   -8.5351801277707E-017 
       4.71177944862155                       0   1.44295731442152E-015        23.1638681476195  -8.37000066302233E-017 
       4.76190476190476                       0   1.54257583380915E-015        26.8923915436948  -8.21021500078542E-017 
       4.81203007518797                       0   1.63381804048352E-015        30.3714537295057  -8.01195687307341E-017 
       4.86215538847118                       0   1.72769258889476E-015        33.6174827403186  -7.83860976038353E-017 
       4.91228070175439                       0   1.81281591623361E-015        36.6456336650568  -7.63830416581117E-017 
       4.96240601503759                       0   1.90132957885779E-015        39.4690905110036  -7.46457558697761E-017 
        5.0125313283208                       0   1.98079474291521E-015        42.0991555360469  -7.26752623586772E-017 
       5.06265664160401                       0   2.06431601953648E-015        44.5458626370596  -7.09704451927507E-017 
       5.11278195488722                       0   2.13848803171437E-015        46.8182298077078  -6.90467753314226E-017 
       5.16290726817043                       0   2.21727887599585E-015        48.9244579878142  -6.73638023395492E-017 
       5.21303258145363                       0   2.28642743900321E-015        50.8721974106396  -6.54745312697017E-017 
       5.26315789473684                       0   2.36068373068685E-015        52.6686432640627  -6.38161148949571E-017 
       5.31328320802005                       0   2.42503470953159E-015        54.3207087024142  -6.19728185713168E-017 
       5.36340852130326                       0   2.49492540044145E-015        55.8350245803474  -6.03527679117593E-017 
       5.41353383458647                       0   2.55468446460457E-015        57.2179336521748  -5.85655691866196E-017 
       5.46365914786967                       0   2.62037057960431E-015        58.4755594679613  -5.69869970733099E-017 
       5.51378446115288                       0   2.67573788177448E-015        59.6138163329203  -5.52522020858617E-017 
       5.56390977443609                       0    2.7373740947136E-015        60.6384761463454  -5.37123476938837E-017 
        5.6140350877193                       0   2.78854316478295E-015        61.5550932965389  -5.20306273940256E-017 
       5.66416040100251                       0    2.8462872574662E-015        62.3690248241934  -5.05335819482226E-017 
       5.71428571428571                       0   2.89345964295067E-015        63.0854346350321  -4.89055690070411E-017 
       5.76441102756892                       0   2.94748342743132E-015        63.7093267577171  -4.74516141039847E-017 
       5.81453634085213                       0   2.99086110781715E-015        64.2458677829735  -4.59027839717059E-017 
       5.86466165413534                       0   3.04132618074059E-015         64.700025599274  -4.45514854651111E-017 
       5.91478696741855                       0   3.08111770305544E-015        65.0760296580238  -4.31158543312512E-017 
       5.96491228070175                       0    3.1281941295787E-015        65.3776457949982  -4.18319392105611E-017 
       6.01503759398496                       0   3.16459594928759E-015           65.6083731025   -4.0499799571756E-017 
       6.06516290726817                       0   3.20852295704126E-015        65.7732577539175  -3.94957720753415E-017 
       6.11528822055138                       0   3.24184753978479E-015        65.8802244668766  -3.87463569826402E-017 
       6.16541353383459                       0   3.28274059588846E-015         65.935622420344  -3.84140153471682E-017 
       6.21553884711779                       0   3.31293376139168E-015        65.9364747403601  -3.77623615521736E-017 
         6.265664160401                       0   3.35087241426649E-015        65.8743207477378  -3.65476984818978E-017 
       6.31578947368421                       0   3.37829199515643E-015        65.7520859481441  -3.48347371834788E-017 
       6.36591478696742                       0   3.41339149679635E-015         65.583621872575  -3.33159900454008E-017 
       6.41604010025063                       0   3.43791595967634E-015        65.3753722128011  -3.19584387813389E-017 
       6.46616541353383                       0   3.47024757982515E-015        65.1259438400766    -3.087809290757E-017 
       6.51629072681704                       0   3.49220212571504E-015        64.8372320168404   -2.9839230186695E-017 
       6.56641604010025                       0   3.52199591496203E-015        64.5137152587159  -2.89507446824993E-017 
       6.61654135338346                       0    3.5415679010111E-015        64.1584387634293  -2.80276047966026E-017 
       6.66666666666667                       0   3.56900328845807E-015         63.773317972819  -2.72044703912097E-017 
       6.71679197994987                       0   3.58634009221197E-015        63.3602708149161  -2.63445358248973E-017 
       6.76691729323308                       0   3.61149056458716E-015        62.9213595406596  -2.55824144824719E-017 
       6.81704260651629                       0   3.62669633531757E-015        62.4584344942326  -2.47866488028608E-017 
        6.8671679197995                       0   3.64966176374369E-015        61.9732725090082  -2.40777431389995E-017 
       6.91729323308271                       0    3.6628541219571E-015        61.4676256597837  -2.33352194393975E-017 
       6.96741854636591                       0   3.68373618558192E-015        60.9431554558156  -2.26698017036459E-017 
       7.01754385964912                       0   3.69503527094826E-015        60.4014609498526  -2.19712768078833E-017 
       7.06766917293233                       0   3.71393540474629E-015        59.8440639049652  -2.13423351884882E-017 
       7.11779448621554                       0   3.72345632783243E-015         59.272416152767  -2.06827492818234E-017 
       7.16791979949875                       0   3.74047103564501E-015        58.6879119886365  -2.00872193539627E-017 
       7.21804511278195                       0   3.74832241892281E-015        58.0918738539823  -1.94641776550489E-017 
       7.26817042606516                       0   3.76354242034244E-015        57.4855671795926  -1.89006942253825E-017 
       7.31829573934837                       0   3.76982543564299E-015        56.8701849862432  -1.83132615819314E-017 
       7.36842105263158                       0   3.78333441508906E-015        56.2468712323328  -1.77815621883826E-017 
       7.41854636591479                       0   3.78814438607872E-015        55.6167133280583  -1.72291833653669E-017 
       7.46867167919799                       0   3.80002294737973E-015        54.9807307555515  -1.67287934281847E-017 
        7.5187969924812                       0   3.80345151611434E-015        54.3398999119201  -1.62105897411247E-017 
       7.56892230576441                       0   3.81377743695294E-015        53.6951336615168   -1.5740782841039E-017 
       7.61904761904762                       0   3.81591179244489E-015        53.0472941408673  -1.52557475921716E-017 
       7.66917293233083                       0    3.8367212047901E-015        52.3972059122085  -1.48620500403751E-017 
       7.71929824561403                       0   3.84494045723042E-015        51.7456262307154  -1.44352487505265E-017 
       7.76942355889724                       0   3.84537277457581E-015         51.093282598169  -1.39974381568556E-017 
       7.81954887218045                       0   3.85221785848187E-015        50.4408556940531  -1.36006323262923E-017 
       7.86967418546366                       0   3.85155717172185E-015        49.7889896420466  -1.31936338702225E-017 
       7.91979949874687                       0   3.85709522211439E-015        49.1382839297849  -1.28231763535341E-017 
       7.96992481203008                       0   3.85541677158709E-015        48.4892865319327  -1.24433535402512E-017 
       8.02005012531328                       0    3.8597130304149E-015        47.8425174988769  -1.20969936784541E-017 
       8.07017543859649                       0   3.85708934937231E-015        47.1984550244975  -1.17427085295477E-017 
        8.1203007518797                       0   3.86020558642356E-015        46.5575391974495  -1.14192972931523E-017 
       8.17042606516291                       0   3.85670472073296E-015        45.9201906220698  -1.10892843027868E-017 
       8.22055137844611                       0   3.85869943225728E-015        45.2868006436237    -1.078765098449E-017 
       8.27067669172932                       0   3.85438639510639E-015        44.6577190705537  -1.04805211399075E-017 
       8.32080200501253                       0    3.8553149292061E-015        44.0332691637177  -1.01993796637534E-017 
       8.37092731829574                       0   3.85024931647483E-015        43.4137470938788  -9.91367884361283E-018 
       8.42105263157895                       0   3.85016258664491E-015        42.7994319934946  -9.65170336809128E-018 
       8.47117794486216                       0   3.84440212777228E-015        42.1905813102836  -9.38598949313109E-018 
       8.52130325814536                       0   3.84334931725657E-015        41.5874141006461  -9.14188148898904E-018 
       8.57142857142857                       0   3.83694614724855E-015        40.9901356962095  -8.89476638325449E-018 
       8.62155388471178                       0   3.83497225332972E-015        40.3989290843189   -8.6672802211325E-018 
       8.67167919799499                       0   3.82797639313918E-015        39.8139574298826  -8.43742117783543E-018 
        8.7218045112782                       0   3.82512351830749E-015        39.2353794409911  -8.22532160532865E-018 
        8.7719298245614                       0   3.81758129105033E-015        38.6633192479749  -8.01140095439573E-018 
       8.82205513784461                       0   3.81388876712241E-015        38.0978871029393  -7.81349212918741E-018 
       8.87218045112782                       0   3.80584298001561E-015        37.5391770156853  -7.61425631727924E-018 
       8.92230576441103                       0   3.80134700415943E-015        36.9872746386223  -7.42940624023962E-018 
       8.97243107769424                       0   3.79283829477302E-015        36.4422560883729  -7.24367857635016E-018 
       9.02255639097744                       0   3.78757340284994E-015        35.9041743450763   -7.0708229046216E-018 
       9.07268170426065                       0   3.77863869028474E-015        35.3730720678466  -6.89749474271196E-018 
       9.12280701754386                       0   3.77263602742521E-015         34.848977954917  -6.73563004258531E-018 
       9.17293233082707                       0   3.76331017866459E-015         34.331919191082  -6.57366762564267E-018 
       9.22305764411028                       0   3.75659898628057E-015        33.8219140747136  -6.42185799543591E-018 
       9.27318295739348                       0   3.74691449550269E-015        33.3189610657248  -6.27029659999866E-018 
       9.32330827067669                       0   3.73952223990653E-015        32.8230568944168  -6.12767376796204E-018 
        9.3734335839599                       0   3.72950845673254E-015        32.3341821292581  -5.98562348291285E-018 
       9.42355889724311                       0    3.7214595485901E-015        31.8523232315016  -5.85138628264767E-018 
       9.47368421052632                       0   3.71114542170673E-015        31.3774611422595  -5.71803489659078E-018 
       9.52380952380952                       0   3.70246375593192E-015        30.9095581837723  -5.59145878472671E-018 
       9.57393483709273                       0   3.69187399348935E-015          30.44857630511  -5.46606992619357E-018 
       9.62406015037594                       0   3.68258088427163E-015        29.9944689325972  -5.34650199796255E-018 
       9.67418546365915                       0   3.67174031428225E-015        29.5471951066308  -5.22842000270782E-018 
       9.72431077694235                       0   3.66185583098007E-015        29.1067066540159  -5.11528319186521E-018 
       9.77443609022556                       0   3.65078686187719E-015        28.6729462530899  -5.00392622914893E-018 
       9.82456140350877                       0   3.64032974939933E-015        28.2458554602981  -4.89671058639675E-018 
       9.87468671679198                       0    3.6290527825961E-015        27.8253678454367  -4.79155635642534E-018 
       9.92481203007519                       0   3.61804034535928E-015        27.4114239935969  -4.68979067042367E-018 
       9.97493734335839                       0   3.60657607297982E-015        27.0039625417005  -4.59034968172067E-018 
       10.0250626566416                       0   3.59502452300423E-015        26.6029112763325   -4.4935917175404E-018 
       10.0751879699248                       0   3.58339051921999E-015        26.2082000566212  -4.39940716110054E-018 
        10.125313283208                       0   3.57131531430428E-015        25.8197550155136  -4.30725641089822E-018 
       10.1754385964912                       0   3.55952910514303E-015        25.4375060798857  -4.21793147203401E-018 
       10.2255639097744                       0    3.5469438912609E-015        25.0613826896833  -4.13005642051959E-018 
       10.2756892230576                       0   3.53502200629724E-015        24.6913072215875  -4.04527235484576E-018 
       10.3258145363409                       0   3.52194087263574E-015        24.3272057152929  -3.96141704125613E-018 
       10.3759398496241                       0   3.50989808301377E-015        23.9689976815522  -3.88091676167372E-018 
       10.4260651629073                       0   3.49633298516174E-015        23.6166092649585  -3.80086063732954E-018 
       10.4761904761905                       0    3.4841843220597E-015        23.2699684087444  -3.72440632016257E-018 
       10.5263157894737                       0   3.47014794371214E-015        22.9289949064961  -3.64793919831122E-018 
       10.5764411027569                       0   3.45790667622635E-015        22.5936099698373  -3.57530385042091E-018 
       10.6265664160401                       0   3.44340998043696E-015        22.2637325150648  -3.50222777373821E-018 
       10.6766917293233                       0   3.43108970036985E-015        21.9392894768385  -3.43320000710375E-018 
       10.7268170426065                       0   3.41614381483585E-015          21.62020538992  -3.36333027528725E-018 
       10.7769423558897                       0    3.4037569732732E-015        21.3063995751484  -3.29771332989963E-018 
       10.8270676691729                       0    3.3883719268055E-015        20.9977951658152  -3.23087977401859E-018 
       10.8771929824561                       0   3.37592998922431E-015        20.6943121790233  -3.16849170361746E-018 
       10.9273182957393                       0   3.36011531308646E-015        20.3958764198823  -3.10453547099186E-018 
       10.9774436090226                       0   3.34763010189036E-015        20.1024142550615  -3.04520829902387E-018 
       11.0275689223058                       0   3.33139576496123E-015        19.8138479442837   -2.9839844751669E-018 
        11.077694235589                       0   3.31887739935224E-015        19.5301006208401  -2.92756184749309E-018 
       11.1278195488722                       0   3.30223169103849E-015        19.2510935478843  -2.86893557676427E-018 
       11.1779448621554                       0   3.28969092744326E-015        18.9767575259377  -2.81527443774996E-018 
       11.2280701754386                       0    3.2726425954482E-015        18.7070198944729  -2.75912143228228E-018 
       11.2781954887218                       0   3.26008908059202E-015        18.4418036007679   -2.7080881675657E-018 
        11.328320802005                       0   3.24264619026733E-015        18.1810367017911  -2.65429260554155E-018 
       11.3784461152882                       0   3.23008890078684E-015        17.9246442557966   -2.6057617045768E-018 
       11.4285714285714                       0   3.21225866146329E-015        17.6725567429291  -2.55421309575958E-018 
       11.4786967418546                       0    3.1997071839298E-015        17.4247057613554  -2.50806600497923E-018 
       11.5288220551378                       0   3.18149752197218E-015        17.1810186668715  -2.45865998399886E-018 
       11.5789473684211                       0   3.16895942724946E-015        16.9414257488334  -2.41478275246735E-018 
       11.6290726817043                       0   3.15037696517743E-015         16.705853834309  -2.36741847309409E-018 
       11.6791979949875                       0   3.13786108247942E-015         16.474236628271  -2.32570304960837E-018 
       11.7293233082707                       0    3.1189124628192E-015        16.2465101713619  -2.28028439881799E-018 
       11.7794486215539                       0   3.10642617860266E-015        16.0226030074499  -2.24062750669966E-018 
       11.8295739348371                       0   3.08711824187106E-015        15.8024479211949  -2.19706311692082E-018 
       11.8796992481203                       0   3.07466872392265E-015        15.5859771965895  -2.15936696070498E-018 
       11.9298245614035                       0   3.05500661909906E-015        15.3731279795218  -2.11756930257059E-018 
       11.9799498746867                       0   3.04260152733098E-015         15.163835184417  -2.08174182901966E-018 
       12.0300751879699                       0   3.02259154377661E-015        14.9580331476155  -2.04162945960024E-018 
       12.0802005012531                       0   3.01023690347883E-015        14.7556576868472  -2.00758260424412E-018 
       12.1303258145363                       0   2.98988451476417E-015        14.5566423408939  -1.96907468357654E-018 
       12.1804511278195                       0   2.97758716701741E-015        14.3609274203121  -1.93672044338901E-018 
       12.2305764411028                       0   2.95689748092078E-015         14.168451086288   -1.8997326206269E-018 
        12.280701754386                       0    2.9446634972925E-015        13.9791494045914   -1.8689766655492E-018 
       12.3308270676692                       0   2.92364162957817E-015         13.792960508995  -1.83341817886795E-018 
       12.3809523809524                       0   2.91147630437198E-015        13.6098225338745    -1.804163138635E-018 
       12.4310776942356                       0   2.89012638687553E-015        13.4296769286556   -1.7699437858721E-018 
       12.4812030075188                       0   2.87803588045046E-015        13.2524648814443  -1.74210027802222E-018 
        12.531328320802                       0   2.85636306762955E-015        13.0781265914614  -1.70914473841916E-018 
       12.5814536340852                       0   2.84435208345273E-015        12.9066024870077  -1.68264227495474E-018 
       12.6315789473684                       0   2.82236006579183E-015        12.7378333898024  -1.65088758580732E-018 
       12.6817042606516                       0   2.81043389449218E-015        12.5717658734062  -1.62561630805992E-018 
       12.7318295739348                       0   2.78812646020882E-015        12.4083435326401  -1.59483950733664E-018 
        12.781954887218                       0   2.77628945922975E-015        12.2475103308847  -1.57051235870152E-018 
       12.8320802005013                       0   2.75367112694386E-015        12.0892161326955  -1.54060674413685E-018 
       12.8822055137845                       0   2.74192745065405E-015        11.9334085407657   -1.5173560137404E-018 
       12.9323308270677                       0   2.71900044287875E-015        11.7800403140894  -1.48848807429654E-018 
       12.9824561403509                       0   2.70735513554664E-015        11.6290619836517  -1.46632800486756E-018 
       13.0325814536341                       0   2.68412394312032E-015        11.4804268871653   -1.4384128175819E-018 
       13.0827067669173                       0   2.67258045484129E-015        11.3340942824108   -1.4173756538458E-018 
       13.1328320802005                       0   2.64904766999451E-015        11.1900079555972   -1.3906311173514E-018 
       13.1829573934837                       0   2.63761027413697E-015        11.0481100242059  -1.37076421786424E-018 
       13.2330827067669                       0   2.61377954307917E-015        10.9083542073502  -1.34487916950169E-018 
       13.2832080200501                       0    2.6024519698167E-015        10.7706963742553  -1.32582831838142E-018 
       13.3333333333333                       0   2.57832616986649E-015        10.6350881868461    -1.300650934942E-018 
       13.3834586466165                       0   2.56711133007672E-015        10.5014805417874  -1.28236572125167E-018 
       13.4335839598998                       0   2.54269214487259E-015        10.3698311854849  -1.25785472306891E-018 
        13.483709273183                       0   2.53159400249259E-015        10.2400945769265  -1.24029641250387E-018 
       13.5338345864662                       0   2.50688454259417E-015        10.1122263406565  -1.21642589009147E-018 
       13.5839598997494                       0   2.49590536167024E-015        9.98618290452999  -1.19956632045695E-018 
       13.6340852130326                       0   2.47090782554856E-015        9.86191976606374  -1.17631111500332E-018 
       13.6842105263158                       0   2.46005104070957E-015        9.73939844599096  -1.16012197624576E-018 
        13.734335839599                       0   2.43476755086459E-015        9.61857713972914   -1.1374563780521E-018 
       13.7844611528822                       0   2.42403587448118E-015        9.49941545067367  -1.12190763706632E-018 
       13.8345864661654                       0   2.39846886515128E-015        9.38187362611356  -1.09980408511182E-018 
       13.8847117794486                       0   2.38786445590536E-015        9.26591110984881  -1.08486435721316E-018 
       13.9348370927318                       0   2.36201532350355E-015         9.1514932053418   -1.0632938567126E-018 
        13.984962406015                       0    2.3515415185231E-015        9.03858185568291  -1.04893202775814E-018 
       14.0350877192982                       0   2.32541285022271E-015        8.92714063270137   -1.0278675509289E-018 
       14.0852130325815                       0   2.31507154978915E-015        8.81713360312007  -1.01405488671216E-018 
       14.1353383458647                       0   2.28866461336125E-015        8.70852549639863  -9.93473157511539E-019 
       14.1854636591479                       0   2.27845856152942E-015        8.60128462332632   -9.8018632034812E-019 
       14.2355889724311                       0   2.25177542270487E-015        8.49537679863396  -9.60069122310312E-019 
       14.2857142857143                       0   2.24170659245318E-015        8.39076983309024  -9.47288775353408E-019 
       14.3358395989975                       0   2.21474930206889E-015          8.287431612852  -9.27621187678165E-019 
       14.3859649122807                       0   2.20481969781335E-015        8.18533082091966  -9.15330506451053E-019 
       14.4360902255639                       0   2.17758894253288E-015        8.08443883159094  -8.96098643747811E-019 
       14.4862155388471                       0   2.16780148411732E-015         7.9847267167101  -8.84280992171326E-019 
       14.5363408521303                       0   2.14029976161535E-015        7.88616585595706     -8.65467690288E-019 
       14.5864661654135                       0   2.13065558682384E-015         7.7887286002636  -8.54093037175781E-019 
       14.6365914786967                       0   2.10288371447625E-015        7.69238797334916  -8.35650595291095E-019 
         14.68671679198                       0   2.09338555040178E-015        7.59712189867598  -8.24627937252589E-019 
       14.7368421052632                       0   2.06534532305909E-015         7.5029073828613  -8.06409978918329E-019 
       14.7869674185464                       0   2.05599439819624E-015        7.40972677235814  -7.95650731509916E-019 
       14.8370927318296                       0   2.02768711575121E-015        7.31756398634338   -7.7787165826185E-019 
       14.8872180451128                       0   2.01848509564967E-015        7.22639217477212  -7.67843362296044E-019 
        14.937343358396                       0   1.98991181612291E-015        7.13618181466318  -7.50876161689122E-019 
       14.9874686716792                       0   1.98086148088004E-015        7.04689231185362  -7.41592575921514E-019 
       15.0375939849624                       0   1.95202419280694E-015        6.95848225965796  -7.25011235529083E-019 
       15.0877192982456                       0   1.94312634768985E-015        6.87092029595583  -7.15823235515452E-019 
       15.1378446115288                       0   1.91402548733518E-015        6.78418152178337  -6.99208459922243E-019 
        15.187969924812                       0   1.90528223345557E-015        6.69824775576098  -6.90124602288992E-019 
       15.2380952380952                       0   1.87591918780637E-015        6.61309992949311  -6.73727522236641E-019 
       15.2882205513784                       0   1.86733153700096E-015        6.52871975137802  -6.64979930658425E-019 
       15.3383458646617                       0   1.83770805382563E-015        6.44509054306368  -6.48943524255267E-019 
       15.3884711779449                       0   1.82927767044598E-015        6.36219475936383  -6.40596808421232E-019 
       15.4385964912281                       0   1.79939383612119E-015        6.28001813878437  -6.24941585357864E-019 
       15.4887218045113                       0   1.79112299125535E-015        6.19854421735026  -6.16993095892913E-019 
       15.5388471177945                       0   1.76098086160565E-015        6.11775677840251   -6.0170606525911E-019 
       15.5889724310777                       0   1.75287027048408E-015        6.03763959651563  -5.94137079098502E-019 
       15.6390977443609                       0   1.72247050449671E-015        5.95817590316487  -5.79197944212993E-019 
       15.6892230576441                       0   1.71452237431295E-015        5.87935162004171  -5.71987827138572E-019 
       15.7393483709273                       0   1.68386625631412E-015        5.80115100440732  -5.57376335492818E-019 
       15.7894736842105                       0   1.67608137482935E-015        5.72355732849157  -5.50504590867244E-019 
       15.8395989974937                       0   1.64517025735896E-015        5.64655528827079   -5.3620151612937E-019 
       15.8897243107769                       0   1.63754998932157E-015        5.57012845854097  -5.29649333810375E-019 
       15.9398496240602                       0   1.60638399896397E-015        5.49426348507537  -5.15637044072531E-019 
       15.9899749373434                       0   1.59893033950785E-015        5.41894480815994  -5.09387567727006E-019 
       16.0401002506266                       0   1.56751057525873E-015        5.34415571450179  -4.95650511621557E-019 
       16.0902255639098                       0   1.56022465877579E-015        5.26988512449837  -4.89688379367535E-019 
        16.140350877193                       0   1.52855256797331E-015        5.19611422928112   -4.7621288462005E-019 
       16.1904761904762                       0   1.52143487859211E-015        5.12283263983909   -4.7052422903019E-019 
       16.2406015037594                       0   1.48951135866359E-015        5.05002307185985  -4.57298000140521E-019 
       16.2907268170426                       0    1.4825631951213E-015        4.97767241595137  -4.51870481535902E-019 
       16.3408521303258                       0   1.45038875629616E-015        4.90577019106357  -4.38882515190837E-019 
        16.390977443609                       0   1.44361143229659E-015        4.83429905220211  -4.33705082606008E-019 
       16.4411027568922                       0   1.41118713185465E-015        4.76324980080082  -4.20945528614633E-019 
       16.4912280701754                       0   1.40458158982706E-015        4.69260568390306  -4.16007953017089E-019 
       16.5413533834586                       0   1.37190690596739E-015        4.62235531260976  -4.03467461439832E-019 
       16.5914786967419                       0   1.36547532000598E-015        4.55248967057263  -3.98760744243415E-019 
       16.6416040100251                       0   1.33255216820336E-015        4.48299246543103  -3.86431598258775E-019 
       16.6917293233083                       0   1.32629424203936E-015        4.41385550783491  -3.81947012132563E-019 
       16.7418546365915                       0   1.29312346666061E-015        4.34506415318272   -3.6982198632073E-019 
       16.7919799498747                       0   1.28704027291825E-015        4.27660788815913  -3.65551786755349E-019 
       16.8421052631579                       0   1.25362211358096E-015        4.20847852268103  -3.53624163572425E-019 
       16.8922305764411                       0   1.24771487054846E-015          4.140661521143  -3.49561441139372E-019 
       16.9423558897243                       0   1.21405030958352E-015        4.07314946023627  -3.37825219732447E-019 
       16.9924812030075                       0   1.20831959209747E-015        4.00592894620638    -3.339634236874E-019 
       17.0426065162907                       0   1.17440790421213E-015        3.93899075547511  -3.22412890078493E-019 
       17.0927318295739                       0   1.16885601334431E-015         3.8723276560676  -3.18746735280444E-019 
       17.1428571428571                       0    1.1346990670431E-015         3.8059262687251  -3.07377489373964E-019 
       17.1929824561403                       0   1.12932560253456E-015        3.73978041732412   -3.0390153598326E-019 
       17.2431077694236                       0   1.09492406197232E-015         3.6738770511706  -2.92709371749759E-019 
       17.2932330827068                       0   1.08972967488536E-015        3.60820847368431  -2.89419445442589E-019 
         17.34335839599                       0   1.05508375888578E-015        3.54276848143371  -2.78400778593384E-019 
       17.3934837092732                       0   1.05006962833194E-015        3.47754360266004   -2.7529333033647E-019 
       17.4436090225564                       0   1.01518017696277E-015        3.41252913868408   -2.6444532977003E-019 
       17.4937343358396                       0   1.01034687114927E-015        3.34771283038213   -2.6151778652602E-019 
       17.5438596491228                       0   9.75213079340289E-016        3.28308714394127  -2.50837806538884E-019 
        17.593984962406                       0   9.70562712350638E-016        3.21864626242697  -2.48088760907078E-019 
       17.6441102756892                       0   9.35186306038776E-016        3.15437799378992  -2.37575550360173E-019 
       17.6942355889724                       0   9.30718324464554E-016        3.09027726848042  -2.35004008823302E-019 
       17.7443609022556                       0   8.95099913705173E-016        3.02633187684298  -2.24656430857281E-019 
       17.7944862155388                       0   8.90815082678764E-016        2.96253543661695  -2.22262640692041E-019 
       17.8446115288221                       0   8.54954939177041E-016        2.89888097317664  -2.12080158754633E-019 
       17.8947368421053                       0   8.50854078871661E-016        2.83535651898505  -2.09865956051175E-019 
       17.9448621553885                       0   8.14752843369039E-016        2.77195669758135  -1.99848785950183E-019 
       17.9949874686717                       0   8.10836628260397E-016        2.70866896011636  -1.97816999272666E-019 
       18.0451127819549                       0   7.74493380266724E-016        2.64548525602513  -1.87964823544425E-019 
       18.0952380952381                       0   7.70763853742639E-016        2.58239858719748  -1.86119498323768E-019 
       18.1453634085213                       0   7.34180386598491E-016        2.51939481809264  -1.76432282965795E-019 
       18.1954887218045                       0   7.30636940254597E-016        2.45646753873226  -1.74777757734388E-019 
       18.2456140350877                       0   6.93813699339147E-016        2.39360141781404  -1.65254869395395E-019 
       18.2957393483709                       0   6.90456963131049E-016        2.33078689170323  -1.63797378038216E-019 
       18.3458646616541                       0     6.533942897748E-016        2.26801398349006  -1.54437534906471E-019 
       18.3959899749373                       0   6.50225163142897E-016         2.2052653582989  -1.53184541380302E-019 
       18.4461152882206                       0   6.12923531855025E-016        2.14253026366094  -1.43985226544024E-019 
       18.4962406015038                       0   6.09942532906862E-016        2.07978956511866  -1.42945418293663E-019 
        18.546365914787                       0   5.72400940000826E-016        2.01702841212173  -1.33901435765524E-019 
       18.5964912280702                       0   5.69610205660364E-016        1.95423095563487   -1.3308458593853E-019 
       18.6466165413534                       0   5.31830339375202E-016        1.89137276625118   -1.2418813318652E-019 
       18.6967418546366                       0   5.29229157476514E-016        1.82843655485121  -1.23604108227436E-019 
       18.7468671679198                       0   4.91211347345209E-016        1.76539365428296  -1.14842133906587E-019 
        18.796992481203                       0   4.88800306525776E-016        1.70221967680235  -1.14501071045131E-019 
       18.8471177944862                       0   4.50544691204828E-016        1.63888725524519  -1.05853747061735E-019 
       18.8972431077694                       0   4.48324608201744E-016        1.57535971256905  -1.05765372933212E-019 
       18.9473684210526                       0   4.09831466322883E-016        1.51160472620314  -9.72035432193387E-020 
       18.9974937343358                       0   4.07802827646474E-016         1.4475777043245  -9.73758830220231E-020 
        19.047619047619                       0   3.69070704615136E-016        1.38323520850304  -8.88572141898321E-020 
       19.0977443609023                       0   3.67235591449269E-016         1.3185295163872  -8.92956190080085E-020 
       19.1478696741855                       0   3.28265847988293E-016        1.25339887103464  -8.07606640925069E-020 
       19.1979949874687                       0   3.26623294588868E-016         1.1877845306449  -8.14640857367119E-020 
       19.2481203007519                       0   2.87415660358431E-016        1.12161036295993  -7.28286634757347E-020 
       19.2982456140351                       0   2.85966137656564E-016        1.05479843292646  -7.37871525397926E-020 
       19.3483709273183                       0   2.46520053953865E-016       0.987261223539516  -6.49332615232753E-020 
       19.3984962406015                       0    2.4526391592516E-016       0.918890999841582  -6.61215658130939E-020 
       19.4486215538847                       0   2.05578525551613E-016       0.849580511514042  -5.68845675407345E-020 
       19.4987468671679                       0   2.04515884932116E-016       0.779188574380585  -5.82531587854996E-020 
       19.5488721804511                       0   1.64588354792082E-016        0.70758996429009  -4.84042786565496E-020 
       19.5989974937343                       0   1.63720630198604E-016        0.63457926028869  -4.98658635484254E-020 
       19.6491228070175                       0   1.23550552276121E-016       0.560073450553428   -3.9093474918587E-020 
       19.6992481203008                       0   1.22875794259915E-016       0.483616833512207  -4.04999678189983E-020 
        19.749373433584                       0    8.2460509644655E-017       0.405571506088919  -2.83921115388654E-020 
       19.7994987468672                       0   8.19777499291164E-017       0.324308702771039  -2.94925507676724E-020 
       19.8496240601504                       0   4.13136440763602E-017       0.242985678496845  -1.55631542202034E-020 
       19.8997493734336                       0   4.10212177260271E-017       0.155485097914422  -1.60537084375538E-020 
       19.9498746867168                       0   1.03478113922152E-019      0.0823820470886162  -4.33428238468199E-023 
                     20                       0                       0      0.0287771932780743                       0 
