                      0                  0.0076                       0       -773.123655479821                       0 
      0.050125313283208                  0.0076     0.00269146712108411       -774.016693757639  -9.01277534440111E-005 
      0.100250626566416                  0.0076     0.00539123989939439       -774.909844603504   -0.000180533634092626 
      0.150375939849624                  0.0076     0.00708339673202835        -776.02933651012   -0.000171283126944462 
      0.200501253132832                  0.0076     0.00781366100104927       -777.369674660183  -6.47388119744498E-005 
       0.25062656641604                  0.0076     0.00852706258205811       -778.703011497647   4.02822634090285E-005 
      0.300751879699248                  0.0076     0.00794471661296075       -779.477359476971   5.47502691576855E-005 
      0.350877192982456                  0.0076     0.00736237064386339       -780.251707456294   6.92182749063426E-005 
      0.401002506265664                  0.0076      0.0068882953429246       -781.006571795837   6.32336869900811E-005 
      0.451127819548872                  0.0076     0.00650896070254117       -781.743374740699   3.82124204215029E-005 
       0.50125313283208                  0.0076     0.00613214921680905       -782.500780499761   1.44335930420017E-005 
      0.551378446115288                  0.0076     0.00576144287160463       -784.061714083721   3.90614866945399E-005 
      0.601503759398496                  0.0076     0.00539073652640021       -785.622647667681   6.36893803470781E-005 
      0.651629072681704                  0.0076     0.00452726818083977       -787.576736638323    0.000105604491987568 
      0.701754385964912                  0.0076     0.00321928869330352       -789.877630474476    0.000163249467174829 
       0.75187969924812                  0.0076      0.0018742253073621        -792.20585199407     0.00022070848922184 
      0.802005012531328                  0.0076     -0.0007448240714417       -795.233538397579    0.000283254992944956 
      0.852130325814536                  0.0076     -0.0033638734502455       -798.261224801088    0.000345801496668072 
      0.902255639097744                  0.0076    -0.00659958575647177       -801.542960105424    0.000399592464729466 
      0.952380952380952                  0.0076     -0.0103889855933657       -805.037756667141    0.000446656991086166 
       1.00250626566416                  0.0076     -0.0141848451091653       -808.518354341815    0.000491934275595934 
       1.05263157894737                  0.0076     -0.0186087940896783       -811.728748491251    0.000507081782114406 
       1.10275689223058                  0.0076     -0.0230327430701914       -814.939142640687    0.000522229288632877 
       1.15288220551378                  0.0076     -0.0273979488135824       -817.535840545905    0.000520001708791396 
       1.20300751879699                  0.0076     -0.0317649114962156       -819.642988298098    0.000503907871166592 
        1.2531328320802                  0.0076     -0.0360732729569944       -821.648386033214    0.000487078081638805 
       1.30325814536341                  0.0076      -0.039906240017246       -822.128100945495    0.000456933002199808 
       1.35338345864662                  0.0076     -0.0437392070774977       -822.607815857776    0.000426787922760811 
       1.40350877192982                  0.0076     -0.0471856568511989       -822.060538805774    0.000397753162857361 
       1.45363408521303                  0.0076     -0.0503770284605927       -820.734616578331    0.000369243021365172 
       1.50375939849624                  0.0076     -0.0535086585246189       -819.273235986701    0.000341239985546897 
       1.55388471177945                  0.0076     -0.0561424174782583        -816.14157871853    0.000317341501356891 
       1.60401002506266                  0.0076     -0.0587761764318978        -813.00992145036    0.000293443017166885 
       1.65413533834586                  0.0076     -0.0611216951199464       -808.892690329224    0.000271687525000694 
       1.70426065162907                  0.0076     -0.0632849463609945       -804.065461123397    0.000251241201507474 
       1.75438596491228                  0.0076     -0.0654000838922703       -799.101277139898    0.000231095137475416 
       1.80451127819549                  0.0076     -0.0671510861059802       -792.709075933758      0.0002127152530512 
        1.8546365914787                  0.0076     -0.0689020883196902       -786.316874727618    0.000194335368626984 
        1.9047619047619                  0.0076     -0.0704181063433979       -779.075583690719    0.000176662847788337 
       1.95488721804511                  0.0076     -0.0717895240701872        -771.25336701622    0.000159289060171012 
       2.00501253132832                  0.0076      -0.073118217832019       -763.304224481086    0.000142139620589632 
       2.05513784461153                  0.0076     -0.0741358946897976       -754.212917111098    0.000125977608518468 
       2.10526315789474                  0.0076     -0.0751535715475762       -745.121609741111    0.000109815596447304 
       2.15538847117795                  0.0076     -0.0759624845187197       -735.349929048904   9.40285708653352E-005 
       2.20551378446115                  0.0076      -0.076644433359786       -725.136382487187   7.83233824371225E-005 
       2.25563909774436                  0.0076       -0.07728898932541       -714.817589893102   6.29982384394889E-005 
       2.30576441102757                  0.0076     -0.0776675579938232       -703.668648202939   4.98831012729048E-005 
       2.35588972431078                  0.0076     -0.0780461266622365       -692.519706512776   3.67679641063207E-005 
       2.40601503759398                  0.0076     -0.0782661563767883       -680.879101200756    2.4955588137827E-005 
       2.45614035087719                  0.0076     -0.0783910034590554       -668.935570499002   1.38253756088412E-005 
        2.5062656641604                  0.0076     -0.0784858834855736       -656.908249945789    2.7376459095859E-006 
       2.55639097744361                  0.0076     -0.0783712453793064       -644.294488980877  -8.60581308400797E-006 
       2.60651629072682                  0.0076     -0.0782566072730391       -631.680728015965  -1.99492720776017E-005 
       2.65664160401002                  0.0076     -0.0779937470723931       -618.747249242564  -3.09208770811043E-005 
       2.70676691729323                  0.0076     -0.0776420288772929       -605.627021916436  -4.17834828067178E-005 
       2.75689223057644                  0.0076     -0.0772638659323512       -592.458815146198  -5.24083140272512E-005 
       2.80701754385965                  0.0076     -0.0766993218091342       -578.989717597639   -6.1999279305119E-005 
       2.85714285714286                  0.0076     -0.0761347776859173        -565.52062004908  -7.15902445829867E-005 
       2.90726817042607                  0.0076     -0.0754487653709472       -551.913917044202  -8.09257573988559E-005 
       2.95739348370927                  0.0076     -0.0746892050082102       -538.231077131921  -9.02101068933786E-005 
       3.00751879699248                  0.0076     -0.0739065984269386       -524.538345642598  -9.93577097765093E-005 
       3.05764411027569                  0.0076     -0.0729583706903532       -510.789618355631   -0.000108100135736057 
        3.1077694235589                  0.0076     -0.0720101429537677       -497.040891068663   -0.000116842561695605 
       3.15789473684211                  0.0076     -0.0709596097894373       -483.341337700843   -0.000124507593843983 
       3.20802005012531                  0.0076     -0.0698458215623464       -469.667553631294   -0.000131682897428783 
       3.25814536340852                  0.0076     -0.0687175066617712       -456.023059763508   -0.000138613472845452 
       3.30827067669173                  0.0076     -0.0674696124654879       -442.529560390074   -0.000144530621486705 
       3.35839598997494                  0.0076     -0.0662217182692047       -429.036061016641   -0.000150447770127957 
       3.40852130325815                  0.0076     -0.0649074101678228       -415.730140269548   -0.000155683752420677 
       3.45864661654135                  0.0076     -0.0635482121401379       -402.517139505921   -0.000160632319748974 
       3.50877192982456                  0.0076     -0.0621818340796838       -389.370312002645   -0.000165368821617017 
       3.55889724310777                  0.0076     -0.0607322296986866       -376.535466098823   -0.000169261003053537 
       3.60902255639098                  0.0076     -0.0592826253176894       -363.700620195001   -0.000173153184490056 
       3.65914786967419                  0.0076     -0.0577939905901555       -351.176978794284   -0.000176439263081448 
       3.70927318295739                  0.0076     -0.0562736822533383       -338.798951205782   -0.000179473028862195 
        3.7593984962406                  0.0076     -0.0547528398632221       -326.518667133672   -0.000182330315582277 
       3.80952380952381                  0.0076     -0.0531789142354205        -314.66195014589   -0.000184508373311728 
       3.85964912280702                  0.0076     -0.0516049886076188       -302.805233158108   -0.000186686431041179 
       3.90977443609023                  0.0076     -0.0500171032321341       -291.344235332717   -0.000188158129514259 
       3.95989974937343                  0.0076     -0.0484089445206314       -280.057926298412    -0.00018933287973626 
       4.01002506265664                  0.0076     -0.0468076794114088       -268.892173518819   -0.000190363477483501 
       4.06015037593985                  0.0076     -0.0451842804345928       -258.208647075758   -0.000190842910207375 
       4.11027568922306                  0.0076     -0.0435608814577769       -247.525120632698    -0.00019132234293125 
       4.16040100250627                  0.0076     -0.0419446716089738       -237.284695129412   -0.000191548846539133 
       4.21052631578947                  0.0076     -0.0403172915199191       -227.228567260913   -0.000191672777797527 
       4.26065162907268                  0.0076     -0.0387005726871442        -217.30908317507   -0.000191676783378294 
       4.31077694235589                  0.0076     -0.0370762878568356       -207.895981328657   -0.000191231709221583 
        4.3609022556391                  0.0076     -0.0354520030265271       -198.482879482244   -0.000190786635064872 
       4.41102756892231                  0.0076     -0.0338479729660924       -189.529089953827   -0.000189894910065711 
       4.46115288220551                  0.0076     -0.0322380253683211       -180.755030782461   -0.000188821910919735 
       4.51127819548872                  0.0076     -0.0306441516553291       -172.122558455355   -0.000187662037898038 
       4.56140350877193                  0.0076     -0.0290619978976171       -163.977770215224   -0.000186167831195164 
       4.61152882205514                  0.0076     -0.0274798441399051       -155.832981975092   -0.000184673624492291 
       4.66165413533835                  0.0076     -0.0259343309067546         -148.1429715719   -0.000182888391920259 
       4.71177944862155                  0.0076     -0.0243891268003257       -140.620099450189   -0.000180981894082129 
       4.76190476190476                  0.0076     -0.0228642472501477       -133.240743178166   -0.000178913710941748 
       4.81203007518797                  0.0076     -0.0213651866994198       -126.322137459768   -0.000176267459381146 
       4.86215538847118                  0.0076     -0.0198661261486919       -119.403531741371   -0.000173621207820544 
       4.91228070175439                  0.0076     -0.0184161231697257       -112.916340113997   -0.000171017304807961 
       4.96240601503759                  0.0076     -0.0169708434866389       -106.577782538418   -0.000168406246270213 
        5.0125313283208                  0.0076     -0.0155462206760426       -100.377361022452   -0.000166041682662984 
       5.06265664160401                  0.0076      -0.014148584374806       -94.5913383485797   -0.000164363825683993 
       5.11278195488722                  0.0076     -0.0127509480735693       -88.8053156747075   -0.000162685968705003 
       5.16290726817043                  0.0076     -0.0113937670025239       -83.4136538719242   -0.000160890623332937 
       5.21303258145363                  0.0076     -0.0100384260974658       -78.1490978284953   -0.000159043068410385 
       5.26315789473684                  0.0076     -0.0087073322048014       -73.0140408207555   -0.000156482456764898 
       5.31328320802005                  0.0076    -0.00741331107190678       -68.2428033398462   -0.000151842462981373 
       5.36340852130326                  0.0076    -0.00611928993901214       -63.4715658589368   -0.000147202469197847 
       5.41353383458647                  0.0076    -0.00488199937730993       -59.0570641726409   -0.000144485201014494 
       5.46365914786967                  0.0076    -0.00365167202551155       -54.7498697950955    -0.00014231907658495 
       5.51378446115288                  0.0076    -0.00244196443624897       -50.5612904885591   -0.000140417978294388 
       5.56390977443609                  0.0076    -0.00125962753567901       -46.6854158042898   -0.000139177475298134 
        5.6140350877193                  0.0076  -7.72906351090492E-005       -42.8095411200206   -0.000137936972301881 
       5.66416040100251                  0.0076     0.00105044131236455       -39.2469157775438   -0.000134218997941391 
       5.71428571428571                  0.0076      0.0021719560447888       -35.7719961787421   -0.000129784986335569 
       5.76441102756892                  0.0076     0.00326946727231539       -32.4037373141796   -0.000125990482134852 
       5.81453634085213                  0.0076     0.00433084990810838       -29.2998013267501   -0.000123708983994255 
       5.86466165413534                  0.0076     0.00539223254390137       -26.1958653393206   -0.000121427485853658 
       5.91478696741855                  0.0076     0.00640984259566475       -23.3611063045351   -0.000119521602161697 
       5.96491228070175                  0.0076     0.00742412355723443       -20.5962879170135   -0.000117697406163118 
       6.01503759398496                  0.0076     0.00841654384584412       -17.9252712177462   -0.000115602003733867 
       6.06516290726817                  0.0076     0.00937821885338459       -15.4731165084632   -0.000112826618696354 
       6.11528822055138                  0.0076      0.0103398938609251       -13.0209617991802   -0.000110051233658842 
       6.16541353383459                  0.0076      0.0112525092407449       -10.8010251610069   -0.000107525573356368 
       6.21553884711779                  0.0076      0.0121604691100771       -8.63688965592342   -0.000105039849479766 
         6.265664160401                  0.0076      0.0130474640684765       -6.55468590932098   -0.000102623178824645 
       6.31578947368421                  0.0076      0.0139057238969436       -4.65272412620104    -0.00010031119387458 
       6.36591478696742                  0.0076      0.0147639837254107       -2.75076234308114  -9.79992089245154E-005 
       6.41604010025063                  0.0076      0.0155782344774127        -1.0440407665926   -9.5780525300122E-005 
       6.46616541353383                  0.0076      0.0163890141272236       0.619462569537022  -9.35654860116696E-005 
       6.51629072681704                  0.0076      0.0171801431909285        2.21260698042086  -9.13965714343614E-005 
       6.56641604010025                  0.0076      0.0179453779457251        3.65962825446169  -8.92824750253388E-005 
       6.61654135338346                  0.0076      0.0187106127005217         5.1066495285025  -8.71683786163161E-005 
       6.66666666666667                  0.0076      0.0194351294537947        6.39065320049409  -8.51512143704278E-005 
       6.71679197994987                  0.0076      0.0201568834418456        7.64156566843152  -8.31384547272621E-005 
       6.76691729323308                  0.0076      0.0208603475046509        8.83265428237237  -8.11713325260033E-005 
       6.81704260651629                  0.0076      0.0215406897092396        9.90631698527219  -7.92580073231349E-005 
        6.8671679197995                  0.0076      0.0222210319138283         10.979979688172  -7.73446821202666E-005 
       6.91729323308271                  0.0076      0.0228640803383387        11.9187755725149  -7.55239765398357E-005 
       6.96741854636591                  0.0076       0.023505040155704        12.8325984445142  -7.37068208964344E-005 
       7.01754385964912                  0.0076      0.0241290732484053        13.6960915448768  -7.19327650128763E-005 
       7.06766917293233                  0.0076      0.0247326098638009        14.4661204073161  -7.02076154035224E-005 
       7.11779448621554                  0.0076      0.0253361464791965        15.2361492697554  -6.84824657941685E-005 
       7.16791979949875                  0.0076      0.0259056349132499        15.8957077733067  -6.68423753433101E-005 
       7.21804511278195                  0.0076       0.026473616387034        16.5367222357322  -6.52044817894588E-005 
       7.26817042606516                  0.0076      0.0270259605895831        17.1359035943236  -6.36063090529555E-005 
       7.31829573934837                  0.0076      0.0275601586287407        17.6615210743028  -6.20508894816126E-005 
       7.36842105263158                  0.0076      0.0280943566678984        18.1871385542821  -6.04954699102696E-005 
       7.41854636591479                  0.0076      0.0285974792119469        18.6234031700174  -5.90174093796639E-005 
       7.46867167919799                  0.0076      0.0290995766393438        19.0461702929028  -5.75402973477323E-005 
        7.5187969924812                  0.0076      0.0295872430273238        19.4347062875592  -5.61002756031854E-005 
       7.56892230576441                  0.0076      0.0300588457325121        19.7661944929359  -5.46984527735617E-005 
       7.61904761904762                  0.0076      0.0305304484377004        20.0976826983126  -5.32966299439379E-005 
       7.66917293233083                  0.0076      0.0309737432976801        20.3581298530813  -5.19680516950044E-005 
       7.71929824561403                  0.0076      0.0314164153423911        20.6090057611131  -5.06398126853424E-005 
       7.76942355889724                  0.0076      0.0318458318384747        20.8324437902611  -4.93478086089875E-005 
       7.81954887218045                  0.0076      0.0322611074074249        21.0125158576365   -4.8092568425001E-005 
       7.86967418546366                  0.0076       0.032676382976375         21.192587925012  -4.68373282410145E-005 
       7.91979949874687                  0.0076      0.0330660732120753        21.3174174006073  -4.56550607786577E-005 
       7.96992481203008                  0.0076      0.0334554917184586        21.4356810467833  -4.44730790936208E-005 
       8.02005012531328                  0.0076      0.0338328652016082        21.5325022131987  -4.33276975667715E-005 
       8.07017543859649                  0.0076      0.0341979742747977        21.5971627659477  -4.22196031401292E-005 
        8.1203007518797                  0.0076      0.0345630833479873        21.6618233186968   -4.1111508713487E-005 
       8.17042606516291                  0.0076      0.0349053975422367        21.6846471416881  -4.00772353567172E-005 
       8.22055137844611                  0.0076      0.0352477552685609        21.7031443123492  -3.90433272503866E-005 
       8.27067669172932                  0.0076      0.0355793294965016        21.7053630563578  -3.80458962342717E-005 
       8.32080200501253                  0.0076      0.0359004939622887        21.6844000041961   -3.7085544229969E-005 
       8.37092731829574                  0.0076      0.0362216584280758        21.6634369520345  -3.61251922256664E-005 
       8.42105263157895                  0.0076      0.0365228482545814        21.6117280343054  -3.52365850166067E-005 
       8.47117794486216                  0.0076      0.0368243566322494        21.5573011957246  -3.43481318736604E-005 
       8.52130325814536                  0.0076      0.0371163449052039        21.4909166656013  -3.34943891501437E-005 
       8.57142857142857                  0.0076      0.0373996865639467        21.4083562912769   -3.2675246888843E-005 
       8.62155388471178                  0.0076      0.0376830282226895        21.3257959169524  -3.18561046275424E-005 
       8.67167919799499                  0.0076       0.037949088810385        21.2214236072802  -3.11031454819795E-005 
        8.7218045112782                  0.0076      0.0382156903776654        21.1154419478093  -3.03498778079565E-005 
        8.7719298245614                  0.0076      0.0384739685527293        21.0010256634849  -2.96280792887695E-005 
       8.82205513784461                  0.0076      0.0387251864450248        20.8757666847392  -2.89365817595686E-005 
       8.87218045112782                  0.0076      0.0389764043373202        20.7505077059935  -2.82450842303676E-005 
       8.92230576441103                  0.0076      0.0392127873004789        20.6104736013211  -2.76118321146148E-005 
       8.97243107769424                  0.0076      0.0394498778462671        20.4695596403934  -2.69777304026356E-005 
       9.02255639097744                  0.0076      0.0396797185236502        20.3230169179169  -2.63712130892332E-005 
       9.07268170426065                  0.0076      0.0399038514080653         20.169596103919  -2.57901022312645E-005 
       9.12280701754386                  0.0076      0.0401279842924805        20.0161752899212  -2.52089913732959E-005 
       9.17293233082707                  0.0076      0.0403394138502675        19.8533942608257  -2.46776729335763E-005 
       9.22305764411028                  0.0076      0.0405516661396977        19.6901856411319  -2.41450494948002E-005 
       9.27318295739348                  0.0076      0.0407576024064598        19.5235302746513  -2.36358541919185E-005 
       9.32330827067669                  0.0076      0.0409589495854424         19.352870470845  -2.31470921950728E-005 
        9.3734335839599                  0.0076      0.0411602967644251        19.1822106670386  -2.26583301982271E-005 
       9.42355889724311                  0.0076       0.041350728308889        19.0062673628706  -2.22106162813953E-005 
       9.47368421052632                  0.0076      0.0415420547370657         18.830154167284  -2.17612473037888E-005 
       9.52380952380952                  0.0076      0.0417278478688837        18.6522562915113  -2.13312884786852E-005 
       9.57393483709273                  0.0076      0.0419099437932994         18.472386909805   -2.0917190571799E-005 
       9.62406015037594                  0.0076      0.0420920397177151        18.2925175280988  -2.05030926649127E-005 
       9.67418546365915                  0.0076      0.0422646788274896        18.1103706430558   -2.0122348662522E-005 
       9.72431077694235                  0.0076       0.042438252333398        17.9281807016496   -1.9739744163751E-005 
       9.77443609022556                  0.0076      0.0426069369600397        17.7454508008347  -1.93731015568106E-005 
       9.82456140350877                  0.0076      0.0427726229340078        17.5621541191892  -1.90185877250752E-005 
       9.87468671679198                  0.0076      0.0429383089079759        17.3788574375437  -1.86640738933398E-005 
       9.92481203007519                  0.0076      0.0430957164399052        17.1954668718273  -1.83365306910623E-005 
       9.97493734335839                  0.0076       0.043254075075963        17.0120761134372  -1.80070395887459E-005 
       10.0250626566416                  0.0076       0.043408066907566          16.82906091253  -1.76906534730508E-005 
       10.0751879699248                  0.0076      0.0435595986457134        16.6464220032451  -1.73834548836772E-005 
        10.125313283208                  0.0076      0.0437101777969068        16.4637918330331  -1.70782093750439E-005 
       10.1754385964912                  0.0076      0.0438553337800692        16.2826061417541  -1.67908407790236E-005 
       10.2255639097744                  0.0076      0.0440004897632316        16.1014204504751  -1.65034721830033E-005 
       10.2756892230576                  0.0076      0.0441417055673189        15.9212757476238  -1.62266960870602E-005 
       10.3258145363409                  0.0076      0.0442808801720934        15.7421218845727  -1.59566497408065E-005 
       10.3759398496241                  0.0076      0.0444191101145633        15.5630146882915  -1.56885016687874E-005 
       10.4260651629073                  0.0076      0.0445526484204721        15.3863660965974  -1.54335583140505E-005 
       10.4761904761905                  0.0076      0.0446861867263809        15.2097175049033  -1.51786149593137E-005 
       10.5263157894737                  0.0076      0.0448161199472337        15.0345910907215  -1.49322656931301E-005 
       10.5764411027569                  0.0076      0.0449443252059784        14.8608424338008  -1.46907830423343E-005 
       10.6265664160401                  0.0076      0.0450715992133809        14.6871943185771  -1.44511211189175E-005 
       10.6766917293233                  0.0076      0.0451947492812003        14.5166718056297  -1.42215261793214E-005 
       10.7268170426065                  0.0076      0.0453178993490197        14.3461492926823  -1.39919312397253E-005 
       10.7769423558897                  0.0076      0.0454377066379167        14.1775058951642  -1.37690191210935E-005 
       10.8270676691729                  0.0076      0.0455560196170197        14.0104799012242  -1.35492855658548E-005 
       10.8771929824561                  0.0076      0.0456734164588614        13.8436173349644  -1.33312674782347E-005 
       10.9273182957393                  0.0076      0.0457871029822033        13.6803326125382  -1.31204704036688E-005 
       10.9774436090226                  0.0076      0.0459007895055452         13.517047890112  -1.29096733291028E-005 
       11.0275689223058                  0.0076      0.0460113507931548         13.355940303633  -1.27052389558111E-005 
        11.077694235589                  0.0076      0.0461206020736311        13.1966144529957  -1.25037040476396E-005 
       11.1278195488722                  0.0076      0.0462289553175587        13.0375207372777  -1.23038790063799E-005 
       11.1779448621554                  0.0076      0.0463339595803634        12.8823258500352   -1.2111180283726E-005 
       11.2280701754386                  0.0076       0.046438963843168        12.7271309627927  -1.19184815610721E-005 
       11.2781954887218                  0.0076      0.0465410497742377        12.5743345962398  -1.17314711617901E-005 
        11.328320802005                  0.0076      0.0466419922568633        12.4234041389932   -1.1546821216509E-005 
       11.3784461152882                  0.0076       0.046742057989304        12.2727741152249  -1.13638188143695E-005 
       11.4285714285714                  0.0076      0.0468391074968849        12.1262166968988  -1.11869561496387E-005 
       11.4786967418546                  0.0076      0.0469361570044658        11.9796592785727  -1.10100934849079E-005 
       11.5288220551378                  0.0076      0.0470304768766921        11.8356671685145   -1.0838743975203E-005 
       11.5789473684211                  0.0076      0.0471237977328103        11.6935715118924  -1.06696182610901E-005 
       11.6290726817043                  0.0076      0.0472162657628523        11.5518437699096  -1.05021326753066E-005 
       11.6791979949875                  0.0076      0.0473060222910901        11.4142787116341  -1.03406760758158E-005 
       11.7293233082707                  0.0076      0.0473957788193278        11.2767136533585   -1.0179219476325E-005 
       11.7794486215539                  0.0076      0.0474829960458724        11.1418384424398   -1.0023210385495E-005 
       11.8295739348371                  0.0076      0.0475693525698116        11.0088521681603   -9.8693751236615E-006 
       11.8796992481203                  0.0076      0.0476548846346303        10.8762975586023  -9.71719119894693E-006 
       11.9298245614035                  0.0076      0.0477380084655546        10.7479176029759   -9.5711289939872E-006 
       11.9799498746867                  0.0076       0.047821132296479        10.6195376473495  -9.42506678902746E-006 
       12.0300751879699                  0.0076      0.0479019157715039        10.4939265921506   -9.2846426953575E-006 
       12.0802005012531                  0.0076      0.0479819757145477        10.3701617509705  -9.14652021958377E-006 
       12.1303258145363                  0.0076      0.0480612440559723        10.2468860480679  -9.01006123042553E-006 
       12.1804511278195                  0.0076      0.0481384059285684        10.1277263782635  -8.87982487151854E-006 
       12.2305764411028                  0.0076      0.0482155678011644        10.0085667084591  -8.74958851261155E-006 
        12.280701754386                  0.0076      0.0482905916292166        9.89220881548932  -8.62487055977431E-006 
       12.3308270676692                  0.0076      0.0483650242364993        9.77762372299735  -8.50237443387213E-006 
       12.3809523809524                  0.0076      0.0484387025202581        9.66357581550591  -8.38152334166021E-006 
       12.4310776942356                  0.0076      0.0485105731735109        9.55351558497352  -8.26673280134562E-006 
       12.4812030075188                  0.0076      0.0485824438267638        9.44345535444114  -8.15194226103102E-006 
        12.531328320802                  0.0076      0.0486523820563707        9.33618120186748  -8.04258610525483E-006 
       12.5814536340852                  0.0076      0.0487218565730266        9.23057890878124   -7.9353979376955E-006 
       12.6315789473684                  0.0076      0.0487906164146733        9.12555090408422  -7.82979992905886E-006 
       12.6817042606516                  0.0076      0.0488578501552098        9.02432509175065  -7.72987258366304E-006 
       12.7318295739348                  0.0076      0.0489250838957462        8.92309927941708  -7.62994523826722E-006 
        12.781954887218                  0.0076      0.0489905771289496        8.82460021381087  -7.53494739753084E-006 
       12.8320802005013                  0.0076      0.0490557194784413        8.72765183395009  -7.44182097542377E-006 
       12.8822055137845                  0.0076      0.0491201880376346        8.63130195455135  -7.35018305907447E-006 
       12.9323308270677                  0.0076      0.0491833898750069         8.5385178091292   -7.2635646984033E-006 
       12.9824561403509                  0.0076      0.0492465917123793        8.44573366370705  -7.17694633773214E-006 
       13.0325814536341                  0.0076      0.0493082324259097        8.35557438655862  -7.09487979900259E-006 
       13.0827067669173                  0.0076      0.0493696222223268        8.26682865748985  -7.01447372023724E-006 
       13.1328320802005                  0.0076      0.0494303773330125        8.17869286260314  -6.93543510200813E-006 
       13.1829573934837                  0.0076      0.0494900895350416         8.0938513184351  -6.86072669982563E-006 
       13.2330827067669                  0.0076      0.0495498017370707        8.00900977426706  -6.78601829764312E-006 
       13.2832080200501                  0.0076      0.0496081141742365         7.9266582619864  -6.71515998811212E-006 
       13.3333333333333                  0.0076      0.0496662608206836        7.84557538970561  -6.64559308028881E-006 
       13.3834586466165                  0.0076      0.0497238088898439        7.76510063907208  -6.57725221094031E-006 
       13.4335839598998                  0.0076      0.0497805020195149        7.68762193865894  -6.51250202352856E-006 
        13.483709273183                  0.0076      0.0498371951491858         7.6101432382458   -6.4477518361168E-006 
       13.5338345864662                  0.0076      0.0498926260384547        7.53498989162009    -6.386438141646E-006 
       13.5839598997494                  0.0076      0.0499479597639465        7.46095627394554   -6.3262094421802E-006 
       13.6340852130326                  0.0076      0.0500027278536108        7.38751740720794  -6.26706975806988E-006 
       13.6842105263158                  0.0076      0.0500567977813713        7.31676557645919  -6.21087328854806E-006 
        13.734335839599                  0.0076      0.0501108677091318        7.24601374571045  -6.15467681902624E-006 
       13.7844611528822                  0.0076      0.0501637951904692        7.17740225997522  -6.10120982520668E-006 
       13.8345864661654                  0.0076      0.0502166819884387        7.10976375759133  -6.04849615053382E-006 
       13.8847117794486                  0.0076      0.0502690314621643        7.04269472287069  -5.99672336154301E-006 
       13.9348370927318                  0.0076      0.0503208068351786        6.97799573632963  -5.94724320267001E-006 
        13.984962406015                  0.0076      0.0503725822081928        6.91329674978857  -5.89776304379702E-006 
       14.0350877192982                  0.0076      0.0504233133682084        6.85053356230952  -5.85072824320449E-006 
       14.0852130325815                  0.0076      0.0504740475272525        6.78860008787637  -5.80432003375426E-006 
       14.1353383458647                  0.0076      0.0505242701195755        6.72720105557288   -5.7587438872101E-006 
       14.1854636591479                  0.0076      0.0505740228186794         6.6678590895127  -5.71502559381919E-006 
       14.2355889724311                  0.0076      0.0506237755177833        6.60851712345254  -5.67130730042829E-006 
       14.2857142857143                  0.0076       0.050672562916906        6.55089512419885  -5.62946628764165E-006 
       14.3358395989975                  0.0076      0.0507213864408457        6.49396722094462  -5.58801502946527E-006 
       14.3859649122807                  0.0076      0.0507697201163832         6.4375284004617  -5.54727924090387E-006 
       14.4360902255639                  0.0076      0.0508176652560841        6.38283654080768  -5.50796281069213E-006 
       14.4862155388471                  0.0076       0.050865610395785        6.32814468115366  -5.46864638048039E-006 
       14.5363408521303                  0.0076      0.0509126566061249        6.27494497899002   -5.4310611726288E-006 
       14.5864661654135                  0.0076      0.0509597651894079        6.22231133494337   -5.3938077225797E-006 
       14.6365914786967                  0.0076      0.0510064032659906        6.17011385599458  -5.35718272172171E-006 
         14.68671679198                  0.0076      0.0510527201083781        6.11936652716224  -5.32167896624174E-006 
       14.7368421052632                  0.0076      0.0510990369507656        6.06861919832991  -5.28617521076176E-006 
       14.7869674185464                  0.0076      0.0511445081843574        6.01913550062347  -5.25187907989368E-006 
       14.8370927318296                  0.0076      0.0511900616690136         5.9701016305479  -5.21772219716906E-006 
       14.8872180451128                  0.0076      0.0512351590592531        5.92144347296927  -5.18408308774726E-006 
        14.937343358396                  0.0076      0.0512799820508944        5.87395116125737  -5.15120433000804E-006 
       14.9874686716792                  0.0076      0.0513248050425356        5.82645884954547  -5.11832557226882E-006 
       15.0375939849624                  0.0076      0.0513688267065521         5.7799977561929   -5.0866274741774E-006 
       15.0877192982456                  0.0076      0.0514129460944919        5.73388045641268  -5.05505857116356E-006 
       15.1378446115288                  0.0076      0.0514566219395636        5.68807440285963   -5.0239536171645E-006 
        15.187969924812                  0.0076      0.0515000616254139        5.64317187860465  -4.99345003105247E-006 
       15.2380952380952                  0.0076      0.0515435013112641        5.59826935434968  -4.96294644494043E-006 
       15.2882205513784                  0.0076      0.0515861756886204        5.55417233534644  -4.93322187206324E-006 
       15.3383458646617                  0.0076       0.051628959573993        5.51032626233921   -4.9034969410643E-006 
       15.3884711779449                  0.0076      0.0516713095592937        5.46672234611077  -4.87417451290869E-006 
       15.4385964912281                  0.0076      0.0517134510888454        5.42377745948013  -4.84527619634246E-006 
       15.4887218045113                  0.0076      0.0517555926183971        5.38083257284949  -4.81637787977623E-006 
       15.5388471177945                  0.0076      0.0517969974577834        5.33847063036019  -4.78839370683473E-006 
       15.5889724310777                  0.0076      0.0518385205331262        5.29627797526053  -4.76044928837076E-006 
       15.6390977443609                  0.0076      0.0518796198252774        5.25425716253367  -4.73290096739493E-006 
       15.6892230576441                  0.0076      0.0519205378910679        5.21267562384809  -4.70576237491334E-006 
       15.7393483709273                  0.0076      0.0519614559568585        5.17109408516251  -4.67862378243174E-006 
       15.7894736842105                  0.0076      0.0520016605658377        5.12988429476151  -4.65207300357146E-006 
       15.8395989974937                  0.0076      0.0520419900544342        5.08877486071497  -4.62547089899214E-006 
       15.8897243107769                  0.0076      0.0520819050940922        5.04776363234833  -4.59921937154506E-006 
       15.9398496240602                  0.0076      0.0521216624378529        5.00698862965605  -4.57326025008723E-006 
       15.9899749373434                  0.0076      0.0521614197816136        4.96621362696378  -4.54730112862941E-006 
       16.0401002506266                  0.0076      0.0522004860723167        4.92560089342332  -4.52219651851601E-006 
       16.0902255639098                  0.0076      0.0522396832220476        4.88502876761318   -4.4971092354881E-006 
        16.140350877193                  0.0076      0.0522784743431733         4.8444806783538  -4.47241475582617E-006 
       16.1904761904762                  0.0076      0.0523171277312325        4.80398714104373  -4.44811396916894E-006 
       16.2406015037594                  0.0076      0.0523557811192918        4.76349360373366   -4.4238131825117E-006 
       16.2907268170426                  0.0076      0.0523937722641412        4.72296383743141  -4.40010634561976E-006 
       16.3408521303258                  0.0076      0.0524319013105885        4.68242574751668   -4.3763546293479E-006 
        16.390977443609                  0.0076      0.0524696354209567        4.64183405333298  -4.35298316920455E-006 
       16.4411027568922                  0.0076      0.0525072565581503        4.60112788728309  -4.32997309001582E-006 
       16.4912280701754                  0.0076      0.0525448776953439         4.5604217212332  -4.30696301082708E-006 
       16.5413533834586                  0.0076      0.0525818597151406         4.5194784271488  -4.28499679737447E-006 
       16.5914786967419                  0.0076      0.0526189848938864        4.47848486811694  -4.26308449424682E-006 
       16.6416040100251                  0.0076      0.0526557286911268         4.4373580795372  -4.24166787390692E-006 
       16.6917293233083                  0.0076      0.0526923877884398        4.39596239978607  -4.22085517038864E-006 
       16.7418546365915                  0.0076      0.0527290468857528        4.35456672003493  -4.20004246687035E-006 
       16.7919799498747                  0.0076      0.0527651027341056        4.31273639168122  -4.18010112822791E-006 
       16.8421052631579                  0.0076      0.0528013091946425        4.27082176013165  -4.16017922804158E-006 
       16.8922305764411                  0.0076      0.0528371498767769        4.22868645016943  -4.14078010384428E-006 
       16.9423558897243                  0.0076      0.0528729365652541        4.18612991692959  -4.12203293345621E-006 
       16.9924812030075                  0.0076      0.0529087232537312        4.14357338368975  -4.10328576306815E-006 
       17.0426065162907                  0.0076      0.0529439544798365        4.10036719125617  -4.08598676372228E-006 
       17.0927318295739                  0.0076      0.0529793452978659        4.05704638007294  -4.06881331549488E-006 
       17.1428571428571                  0.0076      0.0530143901572403        4.01340957497571   -4.0522874190786E-006 
       17.1929824561403                  0.0076      0.0530494179695384        3.96920182277661  -4.03664830436914E-006 
       17.2431077694236                  0.0076      0.0530844457818365         3.9249940705775  -4.02100918965967E-006 
       17.2932330827068                  0.0076      0.0531189704905106        3.87990990753345  -4.00660330404784E-006 
         17.34335839599                  0.0076      0.0531536636802415        3.83468605000756  -3.99228717361133E-006 
       17.3934837092732                  0.0076       0.053188036886716        3.78903601299113  -3.97867507305532E-006 
       17.4436090225564                  0.0076      0.0532224387755514        3.74265646472471  -3.96604335415972E-006 
       17.4937343358396                  0.0076      0.0532568406643868         3.6962769164583  -3.95341163526412E-006 
       17.5438596491228                  0.0076      0.0532908003366463        3.64876164331611  -3.94273891928014E-006 
        17.593984962406                  0.0076      0.0533249378138996         3.6010841419149  -3.93226482270261E-006 
       17.6441102756892                  0.0076      0.0533587838975329        3.55285586811535  -3.92266788627318E-006 
       17.6942355889724                  0.0076      0.0533927062602788        3.50373375328849  -3.91434284133683E-006 
       17.7443609022556                  0.0076      0.0534266286230246        3.45461163846163  -3.90601779640049E-006 
       17.7944862155388                  0.0076      0.0534601903287073        3.40406648069868  -3.89939869586487E-006 
       17.8446115288221                  0.0076      0.0534939408986174        3.35334095013644  -3.89294461145788E-006 
       17.8947368421053                  0.0076      0.0535274371174739        3.30191423396348  -3.88743300674139E-006 
       17.9448621553885                  0.0076      0.0535610681793242        3.24940793770526   -3.8832897227075E-006 
       17.9949874686717                  0.0076      0.0535946992411745        3.19690164144703  -3.87914643867362E-006 
       18.0451127819549                  0.0076      0.0536280577223004        3.14262331145138  -3.87772212646661E-006 
       18.0952380952381                  0.0076      0.0536616155854642        3.08814809600799  -3.87658186173073E-006 
       18.1453634085213                  0.0076      0.0536949639605062        3.03279112893853  -3.87671662348065E-006 
       18.1954887218045                  0.0076      0.0537285143544162        2.97614545591808  -3.87872143245334E-006 
       18.2456140350877                  0.0076      0.0537620647483263        2.91949978289764  -3.88072624142603E-006 
       18.2957393483709                  0.0076      0.0537954644117438        2.86066445123433  -3.88534873642578E-006 
       18.3458646616541                  0.0076      0.0538290760535345        2.80161915198156  -3.89024551060657E-006 
       18.3959899749373                  0.0076      0.0538625355316931        2.74145859539779  -3.89664945711059E-006 
       18.4461152882206                  0.0076      0.0538962786323494        2.67974998732977  -3.90524456954635E-006 
       18.4962406015038                  0.0076      0.0539300217330057        2.61804137926175  -3.91383968198211E-006 
        18.546365914787                  0.0076      0.0539637693085034        2.55360718271917   -3.9276890341306E-006 
       18.5964912280702                  0.0076      0.0539977424621747        2.48895198393119  -3.94204072375845E-006 
       18.6466165413534                  0.0076       0.054031654977466        2.42288429078419  -3.95871262838479E-006 
       18.6967418546366                  0.0076      0.0540659747045104        2.35495371070239  -3.97868941737417E-006 
       18.7468671679198                  0.0076      0.0541002944315547        2.28702313062059  -3.99866620636355E-006 
        18.796992481203                  0.0076      0.0541348050103767        2.21561309102821  -4.02100667933851E-006 
       18.8471177944862                  0.0076       0.054169554966436        2.14397106864437  -4.04364457232447E-006 
       18.8972431077694                  0.0076      0.0542043406069089        2.07048193393763  -4.07109537844917E-006 
       18.9473684210526                  0.0076       0.054239656732401        1.99467735022799  -4.10497107002991E-006 
       18.9974937343358                  0.0076      0.0542749728578931        1.91887276651835  -4.13884676161065E-006 
        19.047619047619                  0.0076      0.0543109982267606        1.83877455823696  -4.19613956280544E-006 
       19.0977443609023                  0.0076      0.0543472928244915        1.75845032311913  -4.25496504187421E-006 
       19.1478696741855                  0.0076      0.0543838691291353        1.67558083880968  -4.30643521994981E-006 
       19.1979949874687                  0.0076      0.0544212781395229         1.5896778718586  -4.34982873939308E-006 
       19.2481203007519                  0.0076      0.0544586871499105        1.50377490490754  -4.39322225883634E-006 
       19.2982456140351                  0.0076      0.0544963704869637           1.41150836699  -4.40723338639009E-006 
       19.3483709273183                  0.0076      0.0545343053328139        1.31899387955376  -4.42028014487291E-006 
       19.3984962406015                  0.0076      0.0545726015490267        1.22251008711263  -4.52249585577558E-006 
       19.4486215538847                  0.0076       0.054611813637265        1.12152754538539   -4.7271988143639E-006 
       19.4987468671679                  0.0076      0.0546510257255034        1.02054500365814  -4.93190177295225E-006 
       19.5488721804511                  0.0076       0.054700418348419       0.923779602133739  -5.46564985680504E-006 
       19.5989974937343                  0.0076      0.0547503532973139       0.827121841972528  -6.01019911893985E-006 
       19.6491228070175                  0.0076      0.0547907098450424        0.70857997090859  -5.26007900943378E-006 
       19.6992481203008                  0.0076      0.0548212561051017       0.566450350095993  -3.10410504223682E-006 
        19.749373433584                  0.0076      0.0548518023651611       0.424320729283405   -9.4813107504002E-007 
       19.7994987468672                  0.0076       0.054881534210582       0.354854073968476  -2.55663805684573E-006 
       19.8496240601504                  0.0076      0.0549114440902235       0.286307417888122  -4.21123472023571E-006 
       19.8997493734336                  0.0076      0.0554258850694785       0.201992130354273  -7.22971972255421E-006 
       19.9498746867168                  0.0076      0.0564436515583018       0.101098251656524  -1.16846890039829E-005 
                     20                  0.0076      0.0574582869615538    0.000406234445939954  -1.61259528920906E-005 
