                      0                  0.0076                       0       -706.874558854267                       0 
      0.050125313283208                  0.0076     0.00029435400083775       -706.904680813867  -1.38541555175993E-005 
      0.100250626566416                  0.0076    0.000589616355121453       -706.934834322639  -2.77510638765712E-005 
      0.150375939849624                  0.0076    0.000862236549748243        -706.98872385414  -3.24350420529134E-005 
      0.200501253132832                  0.0076     0.00111611069540185       -707.065820893614  -2.81922367778371E-005 
       0.25062656641604                  0.0076     0.00136718566578725       -707.143540944735  -2.39425572379479E-005 
      0.300751879699248                  0.0076     0.00148978006781187        -707.26990666372  -1.62000559214468E-005 
      0.350877192982456                  0.0076     0.00161237446983649       -707.396272382705  -8.45755460494577E-006 
      0.401002506265664                  0.0076     0.00166477721223474       -707.513897642544  -2.45629930507228E-006 
      0.451127819548872                  0.0076     0.00165271791535429       -707.623399913847    2.0019392337025E-006 
       0.50125313283208                  0.0076     0.00163992682670833       -707.732255162722    6.3182818281903E-006 
      0.551378446115288                  0.0076     0.00159110386296266        -707.81578919311   5.55542575498659E-006 
      0.601503759398496                  0.0076     0.00154228089921699       -707.899323223498   4.79256968178288E-006 
      0.651629072681704                  0.0076     0.00151681453844093         -707.9812815447   2.83485704236022E-006 
      0.701754385964912                  0.0076     0.00151164427432533       -708.061854069762  -1.99128020066241E-007 
       0.75187969924812                  0.0076     0.00150835048586489       -708.143333144472  -3.17765906646067E-006 
      0.802005012531328                  0.0076     0.00155676744898743       -708.248160642906  -5.14300599860927E-006 
      0.852130325814536                  0.0076     0.00160518441210997       -708.352988141339  -7.10835293075787E-006 
      0.902255639097744                  0.0076      0.0016643626069795       -708.480012950765  -8.06935892765444E-006 
      0.952380952380952                  0.0076     0.00173323393471373       -708.625665167243  -8.19949790908358E-006 
       1.00250626566416                  0.0076       0.001801130835254       -708.773973776675  -8.27144864279357E-006 
       1.05263157894737                  0.0076     0.00185826665825703       -708.972737287013  -7.17858777372461E-006 
       1.10275689223058                  0.0076     0.00191540248126006       -709.171500797352  -6.08572690465565E-006 
       1.15288220551378                  0.0076     0.00194823864666929       -709.416338081672  -3.97274884071174E-006 
       1.20300751879699                  0.0076     0.00196208225490047       -709.697925840131  -1.02361452802552E-006 
        1.2531328320802                  0.0076     0.00196978517688396       -709.987925265888   2.11733579000088E-006 
       1.30325814536341                  0.0076      0.0018817246360716        -710.40400452654   8.59977514175741E-006 
       1.35338345864662                  0.0076     0.00179366409525925       -710.820083787191   1.50822144935139E-005 
       1.40350877192982                  0.0076     0.00158997871273295       -711.346855014487   2.48415216558807E-005 
       1.45363408521303                  0.0076     0.00129655827641937       -711.957536992871   3.71873307940809E-005 
       1.50375939849624                  0.0076    0.000981145469580644       -712.586302441245   4.98488854589552E-005 
       1.55388471177945                  0.0076    0.000356849580631187       -713.437845361044   6.76408579195585E-005 
       1.60401002506266                  0.0076   -0.000267446308318269       -714.289388280844   8.54328303801619E-005 
       1.65413533834586                  0.0076     -0.0011246158198125       -715.278407564297    0.000104340378876108 
       1.70426065162907                  0.0076    -0.00215832998230173       -716.366430355651     0.00012425117438286 
       1.75438596491228                  0.0076    -0.00321878785297215       -717.467800029851    0.000143793901527015 
       1.80451127819549                  0.0076    -0.00464462002685023       -718.708132305854    0.000160796029582311 
        1.8546365914787                  0.0076    -0.00607045220072832       -719.948464581856    0.000177798157637607 
        1.9047619047619                  0.0076    -0.00765458345075251       -721.186615223753     0.00019053778063691 
       1.95488721804511                  0.0076    -0.00936326561974655       -722.423251736911    0.000200500668067758 
       2.00501253132832                  0.0076     -0.0110743459218723       -723.641296246535    0.000209736734428285 
       2.05513784461153                  0.0076     -0.0129162403638498       -724.691969805433     0.00021283317191612 
       2.10526315789474                  0.0076     -0.0147581348058273        -725.74264336433    0.000215929609403955 
       2.15538847117795                  0.0076     -0.0165925289573024       -726.581708300439    0.000216045922193064 
       2.20551378446115                  0.0076      -0.018440777493429       -727.283340310151    0.000214233204336743 
       2.25563909774436                  0.0076     -0.0202697626658017       -727.931923909478    0.000212144373074275 
       2.30576441102757                  0.0076     -0.0220458936898397        -728.16206469112    0.000207706381756699 
       2.35588972431078                  0.0076     -0.0238220247138777       -728.392205472761    0.000203268390439123 
       2.40601503759398                  0.0076     -0.0255197169266828       -728.282642812257    0.000198191203429271 
       2.45614035087719                  0.0076     -0.0271861948243937       -727.963779247094    0.000192670654655085 
        2.5062656641604                  0.0076     -0.0288274406537545       -727.570993271886    0.000187150856041783 
       2.55639097744361                  0.0076     -0.0303710672537954       -726.660807651585     0.00018135786623775 
       2.60651629072682                  0.0076     -0.0319146938538362       -725.750622031284    0.000175564876433716 
       2.65664160401002                  0.0076     -0.0333706790918129       -724.454349460086    0.000169856491690338 
       2.70676691729323                  0.0076     -0.0347899075117358       -722.932551801878    0.000164141444716061 
       2.75689223057644                  0.0076     -0.0361842832986056       -721.325846770344    0.000158502290484074 
       2.80701754385965                  0.0076     -0.0374835898621718       -719.186587489329    0.000153090232620335 
       2.85714285714286                  0.0076      -0.038782896425738       -717.047328208314    0.000147678174756595 
       2.90726817042607                  0.0076     -0.0400012816698002       -714.509279996617    0.000142471188266288 
       2.95739348370927                  0.0076     -0.0411867597942036       -711.750552122243    0.000137327241599373 
       3.00751879699248                  0.0076     -0.0423493988176885       -708.899463689929    0.000132290712017483 
       3.05764411027569                  0.0076      -0.043429073469138       -705.525036410794    0.000127662456049489 
        3.1077694235589                  0.0076     -0.0445087481205875       -702.150609131658    0.000123034200081496 
       3.15789473684211                  0.0076     -0.0455192130431406       -698.371738512799    0.000118673373529788 
       3.20802005012531                  0.0076     -0.0465030989970391       -694.381024422886    0.000114410950522378 
       3.25814536340852                  0.0076     -0.0474650155799225       -690.288304916532    0.000110049545449978 
       3.30827067669173                  0.0076     -0.0483490689822998       -685.669898549051    0.000105001742083435 
       3.35839598997494                  0.0076      -0.049233122384677       -681.051492181569   9.99539387168925E-005 
       3.40852130325815                  0.0076     -0.0500302140308038       -676.012720886319   9.41657456685137E-005 
       3.45864661654135                  0.0076     -0.0507918015490035       -670.765741132246   8.79590438204086E-005 
       3.50877192982456                  0.0076     -0.0515263349370856       -665.414399475405    8.1849565277445E-005 
       3.55889724310777                  0.0076     -0.0521578170183914       -659.571104715067   7.59862390282163E-005 
       3.60902255639098                  0.0076     -0.0527892990996971       -653.727809954729   7.01229127789877E-005 
       3.65914786967419                  0.0076     -0.0533275513467936       -647.484521255494    6.3778539601316E-005 
       3.70927318295739                  0.0076     -0.0538272907307875       -641.054089707876   5.71526900764436E-005 
        3.7593984962406                  0.0076     -0.0542949620852828       -634.518614565483   5.03078376404769E-005 
       3.80952380952381                  0.0076     -0.0546374916044428       -627.527993481523   4.22734327457524E-005 
       3.85964912280702                  0.0076     -0.0549800211236028       -620.537372397563   3.42390278510279E-005 
       3.90977443609023                  0.0076     -0.0552078942475438       -613.209084765537   2.68353195497493E-005 
       3.95989974937343                  0.0076     -0.0553874685518998       -605.731748847618   1.96425018779039E-005 
       4.01002506265664                  0.0076     -0.0555365846488947       -598.165800248337    1.2582774595868E-005 
       4.06015037593985                  0.0076     -0.0555670995380883       -590.245437818826    5.8410660225698E-006 
       4.11027568922306                  0.0076      -0.055597614427282       -582.325075389315  -9.00642550728394E-007 
       4.16040100250627                  0.0076     -0.0555223065305771       -574.134133367757  -7.79060914569636E-006 
       4.21052631578947                  0.0076     -0.0554025953071756       -565.830659840189   -1.4802149798326E-005 
       4.26065162907268                  0.0076     -0.0552531996659667       -557.463753077171  -2.16807989172561E-005 
       4.31077694235589                  0.0076     -0.0549882278898505        -548.86180386821  -2.82637797398786E-005 
        4.3609022556391                  0.0076     -0.0547232561137343       -540.259854659251   -3.4846760562501E-005 
       4.41102756892231                  0.0076     -0.0543650386866386       -531.496636977684  -4.10573492228779E-005 
       4.46115288220551                  0.0076      -0.053967498113748        -522.67032314623  -4.71765878603964E-005 
       4.51127819548872                  0.0076     -0.0535448230183934       -513.810846019515  -5.31612159342556E-005 
       4.56140350877193                  0.0076     -0.0530230030265192       -504.837166704039  -5.88435484524931E-005 
       4.61152882205514                  0.0076      -0.052501183034645       -495.863487388562  -6.45258809707305E-005 
       4.66165413533835                  0.0076      -0.051901860254882        -486.83488401479  -6.95824670285067E-005 
       4.71177944862155                  0.0076      -0.051269196537636       -477.786102392766  -7.44534766604435E-005 
       4.76190476190476                  0.0076     -0.0506178607701649       -468.731904243218  -7.91733041466154E-005 
       4.81203007518797                  0.0076     -0.0498889407800842        -459.66033616286   -8.3527251771329E-005 
       4.86215538847118                  0.0076     -0.0491600207900036       -450.588768082503  -8.78811993960425E-005 
       4.91228070175439                  0.0076     -0.0483725542742826       -441.541834254316  -9.17900915930476E-005 
       4.96240601503759                  0.0076     -0.0475585340887403       -432.503393425682  -9.55793286235517E-005 
        5.0125313283208                  0.0076     -0.0467316519548723       -423.486732068825  -9.91921942873939E-005 
       5.06265664160401                  0.0076     -0.0458452591822264       -414.535423132421   -0.000102361576623876 
       5.11278195488722                  0.0076     -0.0449588664095805       -405.584114196018   -0.000105530958960358 
       5.16290726817043                  0.0076     -0.0440318309533317       -396.733697145274    -0.00010833899034239 
       5.21303258145363                  0.0076     -0.0430842351156119       -387.915802800036   -0.000111054492972254 
       5.26315789473684                  0.0076     -0.0421290329088716       -379.143720885725   -0.000113619804919154 
       5.31328320802005                  0.0076     -0.0411296422780779       -370.500359552705   -0.000115820772250284 
       5.36340852130326                  0.0076     -0.0401302516472841       -361.856998219685   -0.000118021739581414 
       5.41353383458647                  0.0076     -0.0391072952905085       -353.373753548262    -0.00011968172449434 
       5.46365914786967                  0.0076     -0.0380690959111779       -344.938676598074   -0.000121193834064751 
       5.51378446115288                  0.0076     -0.0370293831700849       -336.566914382057   -0.000122678423717423 
       5.56390977443609                  0.0076      -0.035962126899889       -328.362076114513   -0.000124123543418432 
        5.6140350877193                  0.0076     -0.0348948706296931       -320.157237846969    -0.00012556866311944 
       5.66416040100251                  0.0076     -0.0338134936260215       -312.156710294751   -0.000126833916537829 
       5.71428571428571                  0.0076     -0.0327196527879454       -304.213390080152    -0.00012805932347205 
       5.76441102756892                  0.0076     -0.0316261795222507       -296.350803788565   -0.000129148806922853 
       5.81453634085213                  0.0076     -0.0305099682692495        -288.68830036203   -0.000129922831682172 
       5.86466165413534                  0.0076     -0.0293937570162482       -281.025796935495    -0.00013069685644149 
       5.91478696741855                  0.0076     -0.0282722714463182       -273.588997638617   -0.000131299452252278 
       5.96491228070175                  0.0076     -0.0271407034076455       -266.210847673861   -0.000131862686501805 
       6.01503759398496                  0.0076     -0.0260140913033251       -258.922122122884    -0.00013231975909917 
       6.06516290726817                  0.0076     -0.0248757658308017       -251.842056235509   -0.000132537126053458 
       6.11528822055138                  0.0076     -0.0237374403582783       -244.761990348135   -0.000132754493007746 
       6.16541353383459                  0.0076     -0.0226053767494624       -237.931203571697   -0.000132795376725003 
       6.21553884711779                  0.0076     -0.0214661273302524       -231.160321287863   -0.000132794676482465 
         6.265664160401                  0.0076     -0.0203354582157106       -224.487292805682   -0.000132587916879253 
       6.31578947368421                  0.0076     -0.0192012849013364        -218.02954075955   -0.000131921256806966 
       6.36591478696742                  0.0076     -0.0180671115869622        -211.57178871342   -0.000131254596734679 
       6.41604010025063                  0.0076     -0.0169511585091612       -205.371701237663   -0.000130442168453302 
       6.46616541353383                  0.0076     -0.0158307674617719       -199.228651964089   -0.000129591770574581 
       6.51629072681704                  0.0076     -0.0147202546411285        -193.18913270166   -0.000129079983602873 
       6.56641604010025                  0.0076     -0.0136091348049332       -187.364634933802   -0.000129265168577218 
       6.61654135338346                  0.0076     -0.0124980149687378       -181.540137165945   -0.000129450353551563 
       6.66666666666667                  0.0076     -0.0113973265935024       -175.972642805786   -0.000129436244470513 
       6.71679197994987                  0.0076      -0.010290547514113       -170.457322522656   -0.000129382162405215 
       6.76691729323308                  0.0076    -0.00919656755167853       -165.044710704764    -0.00012883105693269 
       6.81704260651629                  0.0076    -0.00810769768869185       -159.833709569112   -0.000127289770589892 
        6.8671679197995                  0.0076    -0.00701882782570517       -154.622708433461   -0.000125748484247093 
       6.91729323308271                  0.0076    -0.00595949100695692       -149.666412740436   -0.000123955051797132 
       6.96741854636591                  0.0076    -0.00489778196477586         -144.7572832272   -0.000122102551411661 
       7.01754385964912                  0.0076    -0.00384929679615542       -139.952113155191   -0.000120895474890329 
       7.06766917293233                  0.0076    -0.00280687537447041       -135.340009164746   -0.000120870540420646 
       7.11779448621554                  0.0076    -0.00176445395278538       -130.727905174301   -0.000120845605950964 
       7.16791979949875                  0.0076    -0.00074609286300192        -126.35787055471   -0.000119957174898077 
       7.21804511278195                  0.0076     0.00027564523810312        -122.02847406544   -0.000118919961063435 
       7.26817042606516                  0.0076     0.00127853563539446       -117.798256201722     -0.0001172823721531 
       7.31829573934837                  0.0076     0.00226532584521635       -113.742450182768   -0.000114557019444878 
       7.36842105263158                  0.0076     0.00325211605503825       -109.686644163814   -0.000111831666736655 
       7.41854636591479                  0.0076     0.00420435165421727       -105.866206762364    -0.00011070262491312 
       7.46867167919799                  0.0076     0.00515823912445187       -102.081326470815   -0.000109801911690417 
        7.5187969924812                  0.0076      0.0060962985359809       -98.3918210414613   -0.000108892763657043 
       7.56892230576441                  0.0076     0.00702340919841732       -94.8612691979855   -0.000107954470751504 
       7.61904761904762                  0.0076     0.00795051986085374       -91.3307173545096   -0.000107016177845965 
       7.66917293233083                  0.0076     0.00884481130502231       -88.0149683244352   -0.000105422501056098 
       7.71929824561403                  0.0076     0.00974104556638448        -84.728162442543   -0.000103731330715867 
       7.76942355889724                  0.0076      0.0106198030657364       -81.5315003087253   -0.000102145742422147 
       7.81954887218045                  0.0076      0.0114849196691288       -78.4773194464133   -0.000100702154501689 
       7.86967418546366                  0.0076      0.0123500362725212       -75.4231385841013  -9.92585665812311E-005 
       7.91979949874687                  0.0076      0.0131837671171309       -72.5660535633128  -9.78783347577068E-005 
       7.96992481203008                  0.0076      0.0140196217986431       -69.7323977685525  -9.64959071875278E-005 
       8.02005012531328                  0.0076      0.0148387874730412       -66.9824629571914  -9.51271077494055E-005 
       8.07017543859649                  0.0076       0.015645553145897        -64.358105738461  -9.37575850656536E-005 
        8.1203007518797                  0.0076      0.0164523188187528       -61.7337485197306  -9.23880623819017E-005 
       8.17042606516291                  0.0076       0.017228033332952       -59.2893087819156  -9.10418232573481E-005 
       8.22055137844611                  0.0076      0.0180059150281664       -56.8634794992363  -8.96887504378684E-005 
       8.27067669172932                  0.0076      0.0187672374996811       -54.5152101583774  -8.83444890695587E-005 
       8.32080200501253                  0.0076      0.0195163640618809       -52.2774012807144  -8.69926037447152E-005 
       8.37092731829574                  0.0076      0.0202654906240807       -50.0395924030516  -8.56407184198716E-005 
       8.42105263157895                  0.0076      0.0209835791153642       -47.9649438778469  -8.42900391459025E-005 
       8.47117794486216                  0.0076      0.0217038429872957       -45.9047228296209  -8.29303869642493E-005 
       8.52130325814536                  0.0076      0.0224074220098663       -43.9155638068688  -8.15759059868414E-005 
       8.57142857142857                  0.0076      0.0230986446763653       -42.0225439035949  -8.02086824327536E-005 
       8.62155388471178                  0.0076      0.0237898673428643       -40.1295240003211  -7.88414588786658E-005 
       8.67167919799499                  0.0076      0.0244498033958892       -38.3825718759687  -7.74833869691687E-005 
        8.7218045112782                  0.0076      0.0251119004543886       -36.6464016163352  -7.61169599409671E-005 
        8.7719298245614                  0.0076      0.0257573286318437       -34.9743683275527  -7.47642271170674E-005 
       8.82205513784461                  0.0076      0.0263904330350599       -33.3847933463986  -7.34099697206287E-005 
       8.87218045112782                  0.0076       0.027023537438276       -31.7952183652445    -7.205571232419E-005 
       8.92230576441103                  0.0076      0.0276258335541927       -30.3345086380969  -7.07319033198619E-005 
       8.97243107769424                  0.0076      0.0282303277279167       -28.8814780207821  -6.94011565666133E-005 
       9.02255639097744                  0.0076      0.0288185873442748       -27.4855082694585  -6.80937499400328E-005 
       9.07268170426065                  0.0076      0.0293950785388349       -26.1592762771241  -6.67969065962986E-005 
       9.12280701754386                  0.0076       0.029971569733395       -24.8330442847898  -6.55000632525645E-005 
       9.17293233082707                  0.0076      0.0305185889303388       -23.6191156402036   -6.4251265828003E-005 
       9.22305764411028                  0.0076       0.031067881584362       -22.4103235488913  -6.29964574602478E-005 
       9.27318295739348                  0.0076      0.0316017212928316       -21.2517400698885   -6.1769854500587E-005 
       9.32330827067669                  0.0076      0.0321247348714521       -20.1515041284725  -6.05596340763947E-005 
        9.3734335839599                  0.0076      0.0326477484500725       -19.0512681870564  -5.93494136522024E-005 
       9.42355889724311                  0.0076      0.0331430765343596        -18.048074324899  -5.81893574276974E-005 
       9.47368421052632                  0.0076      0.0336407529104729       -17.0480094654849  -5.70233733669608E-005 
       9.52380952380952                  0.0076       0.034123856186641       -16.0917651472412  -5.58858127669592E-005 
       9.57393483709273                  0.0076      0.0345971409677696       -15.1839513316965  -5.47648557602099E-005 
       9.62406015037594                  0.0076      0.0350704257488981       -14.2761375161518  -5.36438987534605E-005 
       9.67418546365915                  0.0076      0.0355178890725619       -13.4515321821256  -5.25751588441865E-005 
       9.72431077694235                  0.0076      0.0359677532616907       -12.6285155493572  -5.15005330931503E-005 
       9.77443609022556                  0.0076      0.0364039823511519       -11.8434305622993  -5.04551887484786E-005 
       9.82456140350877                  0.0076      0.0368314133836243       -11.0982199864212   -4.9427359622675E-005 
       9.87468671679198                  0.0076      0.0372588444160967        -10.353009410543  -4.83995304968713E-005 
       9.92481203007519                  0.0076      0.0376624042571914       -9.67863101891887  -4.74242006462303E-005 
       9.97493734335839                  0.0076      0.0380683940499028       -9.00469696197476  -4.64429814143161E-005 
       10.0250626566416                  0.0076      0.0384617196411484       -8.36336809183342  -4.54906949886825E-005 
       10.0751879699248                  0.0076        0.03884725114789       -7.75464222137112  -4.45555502568842E-005 
        10.125313283208                  0.0076       0.039230348732976       -7.14628980850043  -4.36263061960501E-005 
       10.1754385964912                  0.0076      0.0395964064013895       -6.59715046539165  -4.27374372840973E-005 
       10.2255639097744                  0.0076      0.0399624640698029       -6.04801112228292  -4.18485683721446E-005 
       10.2756892230576                  0.0076      0.0403168474624625       -5.52675388417842  -4.09890702730245E-005 
       10.3258145363409                  0.0076      0.0406644097647866       -5.03201671318699  -4.01471205287484E-005 
       10.3759398496241                  0.0076      0.0410095591777493        -4.5382120812959   -3.9311072486389E-005 
       10.4260651629073                  0.0076      0.0413396150431781       -4.09316014710863     -3.85151432652E-005 
       10.4761904761905                  0.0076      0.0416696709086069       -3.64810821292135   -3.7719214044011E-005 
       10.5263157894737                  0.0076      0.0419890602972047        -3.2269030929231  -3.69514246265695E-005 
       10.5764411027569                  0.0076       0.042302570271768        -2.8272719655441  -3.62000279130758E-005 
       10.6265664160401                  0.0076      0.0426137120854453       -2.42893877877724  -3.54545542451895E-005 
       10.6766917293233                  0.0076      0.0429116337274715       -2.07081485607068  -3.47492933030339E-005 
       10.7268170426065                  0.0076      0.0432095553694977       -1.71269093336414  -3.40440323608783E-005 
       10.7769423558897                  0.0076      0.0434978344919946       -1.37498524709281   -3.3367086208038E-005 
       10.8270676691729                  0.0076       0.043781143286021       -1.05484727188288  -3.27066874711058E-005 
       10.8771929824561                  0.0076      0.0440621488945133       -0.73623639682471  -3.20517319356284E-005 
       10.9273182957393                  0.0076      0.0443316888662115      -0.450986542435726    -3.142525849079E-005 
       10.9774436090226                  0.0076      0.0446012288379097      -0.165736688046722  -3.07987850459516E-005 
       11.0275689223058                  0.0076      0.0448619222076537       0.101928191004047  -3.01897316429402E-005 
        11.077694235589                  0.0076      0.0451183192804864       0.355206654709491  -2.95880613723086E-005 
       11.1278195488722                  0.0076      0.0453724680434668       0.606846740444271  -2.89913815965632E-005 
       11.1779448621554                  0.0076      0.0456162510405982       0.831010613299324  -2.84139433648189E-005 
       11.2280701754386                  0.0076      0.0458600340377295        1.05517448615437  -2.78365051330745E-005 
       11.2781954887218                  0.0076       0.046095557133621        1.26448121108908  -2.72766291180345E-005 
        11.328320802005                  0.0076      0.0463272563720659        1.46223353983269  -2.67242333100305E-005 
       11.3784461152882                  0.0076      0.0465567705558223        1.65834211099215  -2.61767949047554E-005 
       11.4285714285714                  0.0076      0.0467769058956405        1.83219435749892  -2.56481314834116E-005 
       11.4786967418546                  0.0076      0.0469970412354587         2.0060466040057  -2.51194680620678E-005 
       11.5288220551378                  0.0076      0.0472094878264019        2.16748988642521  -2.46066969110775E-005 
       11.5789473684211                  0.0076      0.0474185477567874        2.31976237137906  -2.41001334359788E-005 
       11.6290726817043                  0.0076      0.0476254915352418        2.47045525003281  -2.35983614891992E-005 
       11.6791979949875                  0.0076      0.0478239361622244        2.60329352553113  -2.31132210592261E-005 
       11.7293233082707                  0.0076      0.0480223807892071        2.73613180102944  -2.26280806292531E-005 
       11.7794486215539                  0.0076       0.048213662493826        2.85871523699042  -2.21581401077476E-005 
       11.8295739348371                  0.0076      0.0484019399726296        2.97409940817277  -2.16939004586745E-005 
       11.8796992481203                  0.0076      0.0485881768031519        3.08801753694179  -2.12343623568694E-005 
       11.9298245614035                  0.0076      0.0487667248320452        3.18776957588314  -2.07904720476981E-005 
       11.9799498746867                  0.0076      0.0489452728609386        3.28752161482449  -2.03465817385268E-005 
       12.0300751879699                  0.0076      0.0491171794107152         3.3788965304076  -1.99179297054491E-005 
       12.0802005012531                  0.0076      0.0492864416633698        3.46468754220834  -1.94949919659487E-005 
       12.1303258145363                  0.0076      0.0494537509690011        3.54915410341363  -1.90768922305427E-005 
       12.1804511278195                  0.0076      0.0496141785883425        3.62248424884557  -1.86756240798947E-005 
       12.2305764411028                  0.0076      0.0497746062076838        3.69581439427751  -1.82743559292466E-005 
        12.280701754386                  0.0076      0.0499289512980686        3.76233092250944  -1.78890280637958E-005 
       12.3308270676692                  0.0076      0.0500810178347832        3.82453754456384  -1.75098649653279E-005 
       12.3809523809524                  0.0076      0.0502312353121347        3.88556344610613   -1.7135635057467E-005 
       12.4310776942356                  0.0076      0.0503754053538045         3.9378308218514  -1.67789512032853E-005 
       12.4812030075188                  0.0076      0.0505195753954744        3.99009819759667  -1.64222673491036E-005 
        12.531328320802                  0.0076       0.050658248378927        4.03679005288486  -1.60816827329932E-005 
       12.5814536340852                  0.0076       0.050795005933194        4.08013725144768  -1.57473563100728E-005 
       12.6315789473684                  0.0076      0.0509300322666085        4.12242716886863  -1.54178612862629E-005 
       12.6817042606516                  0.0076      0.0510598478964577        4.15772181876241   -1.5105180016648E-005 
       12.7318295739348                  0.0076      0.0511896635263068        4.19301646865619  -1.47924987470331E-005 
        12.781954887218                  0.0076      0.0513145530370966        4.22365619628441   -1.4494313645913E-005 
       12.8320802005013                  0.0076      0.0514378629469458        4.25164957297565  -1.42014492401039E-005 
       12.8822055137845                  0.0076       0.051559553393385        4.27868997028019  -1.39127534357509E-005 
       12.9323308270677                  0.0076      0.0516767444905776        4.30005629043849  -1.36367127216102E-005 
       12.9824561403509                  0.0076      0.0517939355877702         4.3214226105968  -1.33606720074694E-005 
       13.0325814536341                  0.0076      0.0519066714273059         4.3388883158508  -1.30954775697033E-005 
       13.0827067669173                  0.0076       0.052018090285215        4.35425418413479  -1.28335773783003E-005 
       13.1328320802005                  0.0076      0.0521279838351535        4.36877587200555  -1.25752713978989E-005 
       13.1829573934837                  0.0076      0.0522339202608239        4.37874093205558  -1.23263158462753E-005 
       13.2330827067669                  0.0076      0.0523398566864942         4.3887059921056  -1.20773602946518E-005 
       13.2832080200501                  0.0076      0.0524417112506061        4.39547960413971  -1.18382589690562E-005 
       13.3333333333333                  0.0076       0.052542446087978         4.4006278201387  -1.16019241950386E-005 
       13.3834586466165                  0.0076      0.0526417429111597        4.40505759088476  -1.13690387746348E-005 
       13.4335839598998                  0.0076      0.0527375390779645        4.40594998146815  -1.11447470781299E-005 
        13.483709273183                  0.0076      0.0528333352447693        4.40684237205154  -1.09204553816249E-005 
       13.5338345864662                  0.0076      0.0529253942204406         4.4052123693083  -1.07052473320299E-005 
       13.5839598997494                  0.0076      0.0530165056713051        4.40236826870033  -1.04924206482347E-005 
       13.6340852130326                  0.0076      0.0531062660172605        4.39893235434736  -1.02829360816132E-005 
       13.6842105263158                  0.0076      0.0531929407314087        4.39282444082576  -1.00815175158216E-005 
        13.734335839599                  0.0076      0.0532796154455569        4.38671652730417     -9.88009895003E-006 
       13.7844611528822                  0.0076      0.0533628787315703        4.37866015868049   -9.6874962747135E-006 
       13.8345864661654                  0.0076      0.0534453482558678        4.36971847004729  -9.49714774107544E-006 
       13.8847117794486                  0.0076      0.0535265512641277        4.36030223934291  -9.30983449709047E-006 
       13.9348370927318                  0.0076      0.0536050396761864        4.34891245200836  -9.12926237046022E-006 
        13.984962406015                  0.0076      0.0536835280882451        4.33752266467381  -8.94869024382996E-006 
       14.0350877192982                  0.0076      0.0537588964665809        4.32465657908827  -8.77513439367052E-006 
       14.0852130325815                  0.0076      0.0538336009546994        4.31115809594193   -8.6030355664513E-006 
       14.1353383458647                  0.0076      0.0539071137283114        4.29728538426029  -8.43364064448123E-006 
       14.1854636591479                  0.0076      0.0539782150484299        4.28197343801283   -8.2696383715996E-006 
       14.2355889724311                  0.0076      0.0540493163685484        4.26666149176538  -8.10563609871798E-006 
       14.2857142857143                  0.0076      0.0541175459140233        4.25024540584193  -7.94829830788193E-006 
       14.3358395989975                  0.0076      0.0541852158589777        4.23338406150208  -7.79226785863594E-006 
       14.3859649122807                  0.0076      0.0542517645016043        4.21623525956521  -7.63875652720618E-006 
       14.4360902255639                  0.0076      0.0543161659011259        4.19806066505892   -7.4899549880289E-006 
       14.4862155388471                  0.0076      0.0543805673006475        4.17988607055264  -7.34115344885161E-006 
       14.5363408521303                  0.0076      0.0544423195737676        4.16090655678637  -7.19800093669525E-006 
       14.5864661654135                  0.0076      0.0545036003190803        4.14162197142159  -7.05575614769279E-006 
       14.6365914786967                  0.0076      0.0545638246842416        4.12212077020595  -6.91591322985553E-006 
         14.68671679198                  0.0076       0.054622128185017         4.1019001977176  -6.78035922182604E-006 
       14.7368421052632                  0.0076      0.0546804316857924        4.08167962522925  -6.64480521379657E-006 
       14.7869674185464                  0.0076      0.0547362886356559        4.06088296846723  -6.51508924936987E-006 
       14.8370927318296                  0.0076      0.0547917493384611        4.03988148251358  -6.38634874711223E-006 
       14.8872180451128                  0.0076      0.0548462158923245        4.01872244820847  -6.25987425697806E-006 
        14.937343358396                  0.0076      0.0548989637621746        3.99707523630665  -6.13725777688977E-006 
       14.9874686716792                  0.0076      0.0549517116320247        3.97542802440482  -6.01464129680148E-006 
       15.0375939849624                  0.0076      0.0550022090942313        3.95337718350515  -5.89674882030701E-006 
       15.0877192982456                  0.0076      0.0550523785776934        3.93119199412178  -5.77944688930914E-006 
       15.1378446115288                  0.0076      0.0551016153397007        3.90888904459849  -5.66417060678574E-006 
        15.187969924812                  0.0076      0.0551493199694314        3.88624484865942  -5.55201892317878E-006 
       15.2380952380952                  0.0076      0.0551970245991622        3.86360065272036  -5.43986723957183E-006 
       15.2882205513784                  0.0076      0.0552426489260382        3.84065969319389  -5.33235837381422E-006 
       15.3383458646617                  0.0076      0.0552880007408436        3.81762647461888  -5.22541164404641E-006 
       15.3884711779449                  0.0076       0.055332477006816        3.79450630758028   -5.1204017938779E-006 
       15.4385964912281                  0.0076      0.0553755835639498         3.7711500348183  -5.01826868448958E-006 
       15.4887218045113                  0.0076      0.0554186901210836        3.74779376205632  -4.91613557510125E-006 
       15.5388471177945                  0.0076      0.0554598801552771        3.72422693744037  -4.81812872045789E-006 
       15.5889724310777                  0.0076      0.0555008475181423        3.70059914236675   -4.7205269461762E-006 
       15.6390977443609                  0.0076      0.0555409943425798        3.67690492147803  -4.62490408718248E-006 
       15.6892230576441                  0.0076      0.0555799181176241        3.65304136090423  -4.53225744062635E-006 
       15.7393483709273                  0.0076      0.0556188418926684        3.62917780033043  -4.43961079407024E-006 
       15.7894736842105                  0.0076      0.0556560098509219        3.60515255665857  -4.35168602444657E-006 
       15.8395989974937                  0.0076      0.0556930005831005        3.58108382464787  -4.26433222675641E-006 
       15.8897243107769                  0.0076      0.0557292296224063        3.55696159949514  -4.17887449428738E-006 
       15.9398496240602                  0.0076      0.0557643829181671        3.53271111962726  -4.09619463317891E-006 
       15.9899749373434                  0.0076      0.0557995362139278        3.50846063975938  -4.01351477207042E-006 
       16.0401002506266                  0.0076      0.0558330886825981        3.48406886887473    -3.934482892712E-006 
       16.0902255639098                  0.0076       0.055866504629941        3.45964189950428  -3.85574226058551E-006 
        16.140350877193                  0.0076      0.0558992176938746        3.43515727197802  -3.77876361020357E-006 
       16.1904761904762                  0.0076      0.0559309933930981        3.41054234033128  -3.70423674225177E-006 
       16.2406015037594                  0.0076      0.0559627690923216        3.38592740868454  -3.62970987429997E-006 
       16.2907268170426                  0.0076      0.0559930965925331        3.36114646263329  -3.55946969881225E-006 
       16.3408521303258                  0.0076      0.0560233246623834        3.33632731561413  -3.48967229448708E-006 
        16.390977443609                  0.0076      0.0560529088495642        3.31143659116827  -3.42170799877295E-006 
       16.4411027568922                  0.0076        0.05608168639034        3.28639315142267  -3.35635713455967E-006 
       16.4912280701754                  0.0076      0.0561104639311157        3.26134971167706  -3.29100627034638E-006 
       16.5413533834586                  0.0076       0.056137949537137        3.23609149448618  -3.22940780695679E-006 
       16.5914786967419                  0.0076      0.0561653706614352        3.21078781398977  -3.16813312020089E-006 
       16.6416040100251                  0.0076       0.056192207832233        3.18538192509212  -3.10869728796489E-006 
       16.6917293233083                  0.0076      0.0562183636649491        3.15976991380169  -3.05187707375587E-006 
       16.7418546365915                  0.0076      0.0562445194976652        3.13415790251126  -2.99505685954685E-006 
       16.7919799498747                  0.0076      0.0562695333984316        3.10824611888805  -2.94260688254246E-006 
       16.8421052631579                  0.0076      0.0562945135706104        3.08227625266366  -2.89060512111586E-006 
       16.8922305764411                  0.0076      0.0563189700618286        3.05616500462736  -2.84033529236103E-006 
       16.9423558897243                  0.0076      0.0563428642045148         3.0297840306776  -2.79247818262952E-006 
       16.9924812030075                  0.0076      0.0563667583472011        3.00340305672783    -2.744621072898E-006 
       17.0426065162907                  0.0076      0.0563896590689695        2.97661171424713  -2.69988259915878E-006 
       17.0927318295739                  0.0076      0.0564125538255065        2.94974802334262  -2.65536012097893E-006 
       17.1428571428571                  0.0076      0.0564349837744896        2.92268005548184  -2.61238077128096E-006 
       17.1929824561403                  0.0076      0.0564569613066684        2.89524310831656  -2.57145195968515E-006 
       17.2431077694236                  0.0076      0.0564789388388472        2.86780616115129  -2.53052314808933E-006 
       17.2932330827068                  0.0076        0.05650006219012        2.83979235177073  -2.49333726114413E-006 
         17.34335839599                  0.0076      0.0565212031658809        2.81168663750337    -2.456470585684E-006 
       17.3934837092732                  0.0076      0.0565419392945978        2.78329721601878  -2.42118119635848E-006 
       17.4436090225564                  0.0076      0.0565623288634333        2.75442225227275  -2.38800757086332E-006 
       17.4937343358396                  0.0076      0.0565827184322689        2.72554728852671  -2.35483394536816E-006 
       17.5438596491228                  0.0076      0.0566023925037873        2.69589721378768  -2.32480035768868E-006 
        17.593984962406                  0.0076      0.0566221053582348        2.66613645630314  -2.29499391408188E-006 
       17.6441102756892                  0.0076      0.0566414715133039        2.63598790651501  -2.26686819781537E-006 
       17.6942355889724                  0.0076      0.0566605883213037        2.60521008763921  -2.24102113339899E-006 
       17.7443609022556                  0.0076      0.0566797051293035        2.57443226876341  -2.21517406898263E-006 
       17.7944862155388                  0.0076      0.0566982485014267        2.54262967477118  -2.19350736613122E-006 
       17.8446115288221                  0.0076       0.056716849930919        2.51069721682578  -2.17220713698182E-006 
       17.8947368421053                  0.0076      0.0567351682457713        2.47825177963961  -2.15262340263255E-006 
       17.9448621553885                  0.0076      0.0567533379523979        2.44501658823703  -2.13538138899003E-006 
       17.9949874686717                  0.0076      0.0567715076590246        2.41178139683445  -2.11813937534752E-006 
       18.0451127819549                  0.0076      0.0567892573999661        2.37721453676066  -2.10414605934558E-006 
       18.0952380952381                  0.0076      0.0568070835209211        2.34249973997254  -2.09040781135717E-006 
       18.1453634085213                  0.0076      0.0568246981747994        2.30709861886225  -2.07843760537462E-006 
       18.1954887218045                  0.0076      0.0568422718349782        2.27069445614221  -2.06887500940197E-006 
       18.2456140350877                  0.0076      0.0568598454951571        2.23429029342218  -2.05931241342931E-006 
       18.2957393483709                  0.0076      0.0568771697386465        2.19612908430638  -2.05450053716614E-006 
       18.3458646616541                  0.0076      0.0568945880383478        2.15779940772847  -2.05009712397094E-006 
       18.3959899749373                  0.0076      0.0569118817790311        2.11855075405184  -2.04818070652063E-006 
       18.4461152882206                  0.0076      0.0569292582509114        2.07802652707204  -2.04969516336238E-006 
       18.4962406015038                  0.0076      0.0569466347227918        2.03750230009223  -2.05120962020413E-006 
        18.546365914787                  0.0076      0.0569640006848696        1.99465538933156    -2.059523758146E-006 
       18.5964912280702                  0.0076      0.0569814817263022        1.95162015460779  -2.06842385903063E-006 
       18.6466165413534                  0.0076      0.0569989709819568        1.90732816496855  -2.08074779754815E-006 
       18.6967418546366                  0.0076      0.0570167224103745        1.86137870230737  -2.09777217070413E-006 
       18.7468671679198                  0.0076      0.0570344738387922         1.8154292396462  -2.11479654386011E-006 
        18.796992481203                  0.0076      0.0570525152695725        1.76625683740683  -2.13952808807071E-006 
       18.8471177944862                  0.0076      0.0570706939393036         1.7168695580971  -2.16491260946732E-006 
       18.8972431077694                  0.0076      0.0570890622599379        1.66571344434421  -2.19810527921179E-006 
       18.9473684210526                  0.0076      0.0571079251133108         1.6123399976048  -2.24156289637689E-006 
       18.9974937343358                  0.0076      0.0571267879666837        1.55896655086539    -2.285020513542E-006 
        19.047619047619                  0.0076      0.0571466833843642        1.50128391110927   -2.3543156536676E-006 
       19.0977443609023                  0.0076       0.057166759244543        1.44337441645589   -2.4253414001103E-006 
       19.1478696741855                  0.0076      0.0571873519979351        1.38275874204992  -2.49150720481973E-006 
       19.1979949874687                  0.0076      0.0572088410409199        1.31891777557428   -2.5527730473665E-006 
       19.2481203007519                  0.0076      0.0572303300839047        1.25507680909865  -2.61403888991327E-006 
       19.2982456140351                  0.0076       0.057252629976929        1.18403622857841  -2.65210779920226E-006 
       19.3483709273183                  0.0076      0.0572751019737049        1.11271510923648  -2.68958855454375E-006 
       19.3984962406015                  0.0076      0.0572984784780818        1.03666647206163  -2.84744259856358E-006 
       19.4486215538847                  0.0076      0.0573231897571263       0.955259637332598  -3.14391142989157E-006 
       19.4987468671679                  0.0076      0.0573479010361707        0.87385280260356  -3.44038026121958E-006 
       19.5488721804511                  0.0076      0.0573872218265531       0.800957414455984   -4.1682509974588E-006 
       19.5989974937343                  0.0076      0.0574271210861347        0.72827961571872  -4.91046067474687E-006 
       19.6491228070175                  0.0076      0.0574529663324025       0.621665231214342  -3.88434122539697E-006 
       19.6992481203008                  0.0076      0.0574639879632084       0.478472442801041  -9.38010754948357E-007 
        19.749373433584                  0.0076      0.0574750095940142        0.33527965438775   2.00831971550005E-006 
       19.7994987468672                  0.0076      0.0575000574671153       0.301875069652165  -1.55544304456739E-006 
       19.8496240601504                  0.0076      0.0575253961634732       0.269859828473811  -5.20379911782319E-006 
       19.8997493734336                  0.0076       0.058079260476284       0.203716887248597  -1.07360711686824E-005 
       19.9498746867168                  0.0076      0.0591820599372854       0.102002203295217  -1.82696248532771E-005 
                     20                  0.0076      0.0602814667148782    0.000571808514262254  -2.57800021005432E-005 
