                      0                  0.0076                       0       -822.169567213921                       0 
      0.050125313283208                  0.0076     0.00237545725796709       -823.858820280959  -5.21864861025212E-005 
      0.100250626566416                  0.0076     0.00475824499141557       -825.547832851447   -0.000104534015623336 
      0.150375939849624                  0.0076     0.00583114161083961       -827.288301913369  -7.72586989809923E-005 
      0.200501253132832                  0.0076     0.00563980733994643       -829.078348318444   2.79949727094186E-005 
       0.25062656641604                  0.0076     0.00543835518763246       -830.867226807924    0.000131759912117891 
      0.300751879699248                  0.0076     0.00404841660592557       -832.557316289441    0.000147756392688591 
      0.350877192982456                  0.0076     0.00265847802421868       -834.247405770957    0.000163752873259291 
      0.401002506265664                  0.0076    0.000895983185481239       -836.761549323244    0.000201665991647707 
      0.451127819548872                  0.0076    -0.00123300500148527       -840.040082570425    0.000260354328215553 
       0.50125313283208                  0.0076    -0.00337717271881456       -843.333546501259    0.000318630270762158 
      0.551378446115288                  0.0076    -0.00679604603278768       -847.206828338665    0.000374978974470424 
      0.601503759398496                  0.0076     -0.0102149193467608       -851.080110176071     0.00043132767817869 
      0.651629072681704                  0.0076     -0.0140206976802421       -854.893519193886    0.000467894523632966 
      0.701754385964912                  0.0076     -0.0182119323507282       -858.654043551656    0.000487446322296906 
       0.75187969924812                  0.0076     -0.0223797539198008       -862.385441364881    0.000505910153268141 
      0.802005012531328                  0.0076     -0.0266399809666144       -865.369512871773    0.000497351322148843 
      0.852130325814536                  0.0076      -0.030900208013428       -868.353584378665    0.000488792491029544 
      0.902255639097744                  0.0076     -0.0349563721406088       -870.639828372022    0.000474498136834449 
      0.952380952380952                  0.0076     -0.0388876569877249       -872.340589062811    0.000455233799402781 
       1.00250626566416                  0.0076     -0.0427740351791197       -873.962194030066    0.000436023710611626 
       1.05263157894737                  0.0076     -0.0462637930181218       -874.080409490593    0.000415389442021394 
       1.10275689223058                  0.0076     -0.0497535508571239       -874.198624951119    0.000394755173431161 
       1.15288220551378                  0.0076     -0.0529872995756992       -873.381918341895    0.000375349749372091 
       1.20300751879699                  0.0076     -0.0560530726959006       -871.819418341895    0.000356707414044893 
        1.2531328320802                  0.0076     -0.0590770939333939       -870.151091202236    0.000338264144989393 
       1.30325814536341                  0.0076     -0.0617576895894805       -866.895687066897    0.000321041493053036 
       1.35338345864662                  0.0076     -0.0644382852455672       -863.640282931559     0.00030381884111668 
       1.40350877192982                  0.0076      -0.066901437308418       -859.445657412511    0.000287484927887931 
       1.45363408521303                  0.0076     -0.0692267922693448       -854.538908117398    0.000271646060241669 
       1.50375939849624                  0.0076     -0.0715138003398964       -849.511477294773    0.000255942113032874 
       1.55388471177945                  0.0076     -0.0735049211348572       -842.995871874973    0.000240624161645468 
       1.60401002506266                  0.0076     -0.0754960419298179       -836.480266455174    0.000225306210258062 
       1.65413533834586                  0.0076     -0.0772876932163803       -829.070966260335    0.000210246028305668 
       1.70426065162907                  0.0076     -0.0789550039358824       -821.017850071425    0.000195210899043725 
       1.75438596491228                  0.0076     -0.0805835723322667       -812.835264059732    0.000180126131512731 
       1.80451127819549                  0.0076     -0.0819134938730265       -803.302692396198    0.000163407263234484 
        1.8546365914787                  0.0076     -0.0832434154137864       -793.770120732665    0.000146688394956237 
        1.9047619047619                  0.0076     -0.0843529333678774        -783.43140198104    0.000129958435991609 
       1.95488721804511                  0.0076     -0.0853235688656566        -772.54113921475    0.000113046636305948 
       2.00501253132832                  0.0076     -0.0862578209170219       -761.533130237439   9.66182951724813E-005 
       2.05513784461153                  0.0076     -0.0869146909917602        -749.46555896551   8.36209475537037E-005 
       2.10526315789474                  0.0076     -0.0875715610664984        -737.39798769358    7.0623599934926E-005 
       2.15538847117795                  0.0076     -0.0880665397446986       -724.673638572592   5.80755230497731E-005 
       2.20551378446115                  0.0076     -0.0884617110703057       -711.522743757429   4.56904368700039E-005 
       2.25563909774436                  0.0076     -0.0888235176498497        -698.26364613952   3.31744224505119E-005 
       2.30576441102757                  0.0076     -0.0889359956479379       -684.151069776738   1.88963995456808E-005 
       2.35588972431078                  0.0076     -0.0890484736460261       -670.038493413956   4.61837664084974E-006 
       2.40601503759398                  0.0076     -0.0889674319997181       -655.448591768241  -9.98516744799874E-006 
       2.45614035087719                  0.0076     -0.0887667122380489       -640.564604456211  -2.49346042787011E-005 
        2.5062656641604                  0.0076     -0.0885286125394853       -625.609657360971  -3.97682448127218E-005 
       2.55639097744361                  0.0076     -0.0880111784934021       -610.158113462161  -5.45223579914128E-005 
       2.60651629072682                  0.0076     -0.0874937444473189       -594.706569563352  -6.92764711701036E-005 
       2.65664160401002                  0.0076     -0.0867929819534373       -579.026721903414  -8.29597214698067E-005 
       2.70676691729323                  0.0076     -0.0859786361084324       -563.213531701347  -9.61536242511287E-005 
       2.75689223057644                  0.0076     -0.0851357565175918       -547.375419003063   -0.000108942620776665 
       2.80701754385965                  0.0076     -0.0840718688808287       -531.381062995858   -0.000119728269847429 
       2.85714285714286                  0.0076     -0.0830079812440656       -515.386706988653   -0.000130513918918192 
       2.90726817042607                  0.0076      -0.081817200930911       -499.373363047126   -0.000140501633311264 
       2.95739348370927                  0.0076     -0.0805450346477027       -483.349526600541   -0.000150145402711799 
       3.00751879699248                  0.0076     -0.0792536372160673        -467.34889508398   -0.000159550865908491 
       3.05764411027569                  0.0076     -0.0777973030374583       -451.479815647107   -0.000167976522567903 
        3.1077694235589                  0.0076     -0.0763409688588492       -435.610736210233   -0.000176402179227315 
       3.15789473684211                  0.0076     -0.0747881408055266       -419.950581957161   -0.000184076324722115 
       3.20802005012531                  0.0076     -0.0731703572136657       -404.399876580438   -0.000191430797030794 
       3.25814536340852                  0.0076     -0.0715402639280298       -388.923910277483   -0.000198541168186682 
       3.30827067669173                  0.0076     -0.0697828291930065        -373.83318052341   -0.000204648333475787 
       3.35839598997494                  0.0076     -0.0680253944579832       -358.742450769337   -0.000210755498764891 
       3.40852130325815                  0.0076     -0.0662060691537492       -344.039632680493   -0.000215717893597472 
       3.45864661654135                  0.0076     -0.0643394160029661        -329.52896636627    -0.00022016179029378 
       3.50877192982456                  0.0076     -0.0624702504529741       -315.135575498878   -0.000224447179383162 
       3.55889724310777                  0.0076     -0.0605221794488188       -301.295078259687   -0.000228128150164367 
       3.60902255639098                  0.0076     -0.0585741084446635       -287.454581020495   -0.000231809120945572 
       3.65914786967419                  0.0076     -0.0565903992894883       -274.125865146092   -0.000235121247403115 
       3.70927318295739                  0.0076     -0.0545721038556026       -261.036611249632    -0.00023829173553927 
        3.7593984962406                  0.0076     -0.0525560353601392       -248.098862192157   -0.000241172553740312 
       3.80952380952381                  0.0076     -0.0504824793994481       -235.817652576321    -0.00024287814032378 
       3.85964912280702                  0.0076     -0.0484089234387571       -223.536442960484   -0.000244583726907247 
       3.90977443609023                  0.0076     -0.0463323366975921       -211.828706818507   -0.000245173022988538 
       3.95989974937343                  0.0076     -0.0442359203389312       -200.374130436145   -0.000245277569199357 
       4.01002506265664                  0.0076     -0.0421542980009054        -189.08718402902   -0.000245181502490733 
       4.06015037593985                  0.0076     -0.0400675050287518       -178.470768723177   -0.000244270580315371 
       4.11027568922306                  0.0076     -0.0379807120565983       -167.854353417335   -0.000243359658140009 
       4.16040100250627                  0.0076     -0.0359248809502878       -157.835362924733   -0.000242121463198596 
       4.21052631578947                  0.0076     -0.0338638598912085       -148.064861231046   -0.000240737147891244 
       4.26065162907268                  0.0076     -0.0318229909550538       -138.472718292704   -0.000239191209887672 
       4.31077694235589                  0.0076     -0.0297976437987204       -129.541558606379   -0.000236994473188538 
        4.3609022556391                  0.0076     -0.0277722966423869       -120.610398920054   -0.000234797736489405 
       4.41102756892231                  0.0076     -0.0257929945585876       -112.271405925266   -0.000232472675234076 
       4.46115288220551                  0.0076     -0.0238145729888207       -104.164132125532   -0.000230077746555467 
       4.51127819548872                  0.0076     -0.0218593852194539       -96.2363888279226   -0.000227813537856862 
       4.56140350877193                  0.0076     -0.0199308044859849       -88.9270357332718   -0.000225941241031325 
       4.61152882205514                  0.0076      -0.018002223752516       -81.6176826386211   -0.000224068944205788 
       4.66165413533835                  0.0076     -0.0161373345275346       -74.8564854580071    -0.00022078976253701 
       4.71177944862155                  0.0076     -0.0142799253251693       -68.2967450425151    -0.00021696957186868 
       4.76190476190476                  0.0076     -0.0124632993175659       -61.9047820002674   -0.000212314633714886 
       4.81203007518797                  0.0076     -0.0107311114070796         -56.05144167925   -0.000204833324141283 
       4.86215538847118                  0.0076    -0.00899892349659332       -50.1981013582326   -0.000197352014567681 
       4.91228070175439                  0.0076    -0.00738577097050112        -44.837330441194   -0.000191077140548986 
       4.96240601503759                  0.0076    -0.00579990592734138       -39.6462552189587   -0.000185162518616223 
        5.0125313283208                  0.0076    -0.00425150841013413       -34.6061828001978   -0.000179858872281815 
       5.06265664160401                  0.0076    -0.00277786402593014       -30.0190772188617   -0.000176271220489415 
       5.11278195488722                  0.0076    -0.00130421964172612       -25.4319716375255   -0.000172683568697015 
       5.16290726817043                  0.0076   9.04407388339789E-005       -21.2615266169467   -0.000167275065229653 
       5.21303258145363                  0.0076     0.00147125541703537        -17.225363516324    -0.00016124053259773 
       5.26315789473684                  0.0076     0.00282112753371138       -13.3220976442066   -0.000155767298752853 
       5.31328320802005                  0.0076     0.00411541727964331       -9.79217775935041   -0.000151753280950197 
       5.36340852130326                  0.0076     0.00540970702557527       -6.26225787449418   -0.000147739263147541 
       5.41353383458647                  0.0076     0.00664408106055908        -3.0843219285072    -0.00014509772159744 
       5.46365914786967                  0.0076     0.00787051926530527      -0.012259696664177   -0.000142843955978997 
       5.51378446115288                  0.0076     0.00907011720809089        2.94586022255777   -0.000140127329735141 
       5.56390977443609                  0.0076      0.0102256010502857        5.60360502936849    -0.00013612039605282 
        5.6140350877193                  0.0076      0.0113810848924805        8.26134983617921     -0.0001321134623705 
       5.66416040100251                  0.0076      0.0124686263014916        10.6232408566243   -0.000128400967834097 
       5.71428571428571                  0.0076      0.0135459361872097        12.9022993273862   -0.000124740724231996 
       5.76441102756892                  0.0076      0.0145961385481279         15.083856878626   -0.000121194364599787 
       5.81453634085213                  0.0076      0.0156014466951903        17.0237977494799   -0.000117855342673288 
       5.86466165413534                  0.0076      0.0166067548422526        18.9637386203337    -0.00011451632074679 
       5.91478696741855                  0.0076      0.0175523528512491        20.6631428503426   -0.000111349390207203 
       5.96491228070175                  0.0076      0.0184899660313571        22.3000506716537   -0.000108202036333874 
       6.01503759398496                  0.0076      0.0194028092320785          23.85589472317   -0.000105131050270857 
       6.06516290726817                  0.0076      0.0202764295808439        25.2226026612281   -0.000102175673724485 
       6.11528822055138                  0.0076      0.0211500499296094        26.5893105992861  -9.92202971781125E-005 
       6.16541353383459                  0.0076      0.0219700369996252        27.7621742491371  -9.64373988645378E-005 
       6.21553884711779                  0.0076      0.0227835731775257        28.8884595057356  -9.36741280229204E-005 
         6.265664160401                  0.0076       0.023574697489794        29.9480364397216  -9.09834688455589E-005 
       6.31578947368421                  0.0076       0.024331979730143          30.86086538709  -8.83999181688181E-005 
       6.36591478696742                  0.0076      0.0250892619704919        31.7736943344584  -8.58163674920773E-005 
       6.41604010025063                  0.0076      0.0257988798236532        32.5317682600324  -8.33808078391476E-005 
       6.46616541353383                  0.0076      0.0265034388426894        33.2555870844372  -8.09592028375447E-005 
       6.51629072681704                  0.0076      0.0271877236704234        33.9252094181173  -7.86001176269672E-005 
       6.56641604010025                  0.0076      0.0278427705003258        34.4822783600033  -7.63264359436927E-005 
       6.61654135338346                  0.0076      0.0284978173302283        35.0393473018893  -7.40527542604183E-005 
       6.66666666666667                  0.0076      0.0291103077299771        35.4746777600507  -7.19088557957699E-005 
       6.71679197994987                  0.0076      0.0297188353007159        35.8852975101095  -6.97749921234546E-005 
       6.76691729323308                  0.0076      0.0303090192445943        36.2527238109879  -6.76993760276856E-005 
       6.81704260651629                  0.0076        0.03087389126805        36.5353701240361   -6.5700425750891E-005 
        6.8671679197995                  0.0076      0.0314387632915058        36.8180164370843  -6.37014754740964E-005 
       6.91729323308271                  0.0076      0.0319657892583692        37.0068120595494  -6.18249374105086E-005 
       6.96741854636591                  0.0076      0.0324897768276763        37.1782305961253  -5.99569689591555E-005 
       7.01754385964912                  0.0076       0.032997295927622        37.3160011315284  -5.81447973132546E-005 
       7.06766917293233                  0.0076      0.0334831066472579        37.3912885321588  -5.64045326769652E-005 
       7.11779448621554                  0.0076      0.0339689173668938        37.4665759327893  -5.46642680406759E-005 
       7.16791979949875                  0.0076      0.0344214029812149        37.4711513774928  -5.30389025205504E-005 
       7.21804511278195                  0.0076      0.0348716570653885        37.4638577528061   -5.1420760182767E-005 
       7.26817042606516                  0.0076      0.0353072473713391        37.4310140315625  -4.98533331648621E-005 
       7.31829573934837                  0.0076      0.0357244111676325        37.3532423929934   -4.8348592188318E-005 
       7.36842105263158                  0.0076       0.036141574963926        37.2754707544244  -4.68438512117739E-005 
       7.41854636591479                  0.0076      0.0365295827910563         37.145808049712  -4.54478493822163E-005 
       7.46867167919799                  0.0076       0.036916031522156        37.0083076213951  -4.40580255002371E-005 
        7.5187969924812                  0.0076      0.0372896061264916         36.851995449214  -4.27223511316793E-005 
       7.56892230576441                  0.0076      0.0376478330292932        36.6643345244411  -4.14551280472732E-005 
       7.61904761904762                  0.0076      0.0380060599320948        36.4766735996682   -4.0187904962867E-005 
       7.66917293233083                  0.0076      0.0383394964183268        36.2523483035725  -3.90281008698563E-005 
       7.71929824561403                  0.0076      0.0386720036928302        36.0230840418439  -3.78743199941708E-005 
       7.76942355889724                  0.0076      0.0389934300852344        35.7806467571181  -3.67641352476993E-005 
       7.81954887218045                  0.0076       0.039302434605947        35.5173909613788  -3.57052941305247E-005 
       7.86967418546366                  0.0076      0.0396114391266597        35.2541351656394  -3.46464530133502E-005 
       7.91979949874687                  0.0076      0.0398992815856961        34.9664413386146   -3.3668023370153E-005 
       7.96992481203008                  0.0076       0.040186661123006        34.6758436285191  -3.26921493229401E-005 
       8.02005012531328                  0.0076      0.0404643566452043        34.3766270861748  -3.17524072372304E-005 
       8.07017543859649                  0.0076      0.0407317932750518        34.0644850367152  -3.08524358339648E-005 
        8.1203007518797                  0.0076      0.0409992299048993        33.7523429872556  -2.99524644306992E-005 
       8.17042606516291                  0.0076      0.0412483988112895        33.4252459780975  -2.91219141649398E-005 
       8.22055137844611                  0.0076      0.0414974311999431        33.0966030206061  -2.82926752815545E-005 
       8.27067669172932                  0.0076      0.0417379894670608        32.7629628483841  -2.74955384616861E-005 
       8.32080200501253                  0.0076      0.0419700666497445        32.4222077012389  -2.67322456486707E-005 
       8.37092731829574                  0.0076      0.0422021438324282        32.0814525540937  -2.59689528356554E-005 
       8.42105263157895                  0.0076      0.0424185001030659        31.7330553008703  -2.52665523961515E-005 
       8.47117794486216                  0.0076      0.0426349680393021        31.3839831576216  -2.45646307355957E-005 
       8.52130325814536                  0.0076       0.042844046354105        31.0327680609866  -2.38912020757188E-005 
       8.57142857142857                  0.0076      0.0430461568908189        30.6786555458119  -2.32465755725201E-005 
       8.62155388471178                  0.0076      0.0432482674275329        30.3245430306373  -2.26019490693213E-005 
       8.67167919799499                  0.0076       0.043436895305706        29.9683499610116  -2.20109495212132E-005 
        8.7218045112782                  0.0076      0.0436258196218828        29.6120040792173  -2.14198266537998E-005 
        8.7719298245614                  0.0076      0.0438083300973545        29.2557257851125  -2.08540086089607E-005 
       8.82205513784461                  0.0076      0.0439851661732927        28.8995359330409  -2.03127627045247E-005 
       8.87218045112782                  0.0076      0.0441620022492308        28.5433460809693  -1.97715168000886E-005 
       8.92230576441103                  0.0076         0.0443273361489        28.1891962197359  -1.92773703233895E-005 
       8.97243107769424                  0.0076      0.0444931012969577        27.8351686030868  -1.87826540767187E-005 
       9.02255639097744                  0.0076      0.0446533272802432        27.4828647796069  -1.83103653919784E-005 
       9.07268170426065                  0.0076      0.0448089805525995        27.1326690693841   -1.7859020417462E-005 
       9.12280701754386                  0.0076      0.0449646338249558        26.7824733591613  -1.74076754429456E-005 
       9.17293233082707                  0.0076      0.0451105296889275        26.4372505763355  -1.69974366947174E-005 
       9.22305764411028                  0.0076       0.045256950963672        26.0922558568708  -1.65863038773251E-005 
       9.27318295739348                  0.0076      0.0453986067163338         25.750178695172  -1.61945401004897E-005 
       9.32330827067669                  0.0076      0.0455366161175261        25.4114932364079  -1.58200606034094E-005 
        9.3734335839599                  0.0076      0.0456746255187185        25.0728077776438  -1.54455811063291E-005 
       9.42355889724311                  0.0076      0.0458043767171252        24.7410912613448  -1.51049725601303E-005 
       9.47368421052632                  0.0076      0.0459347137008848        24.4095999965617  -1.47631819894139E-005 
       9.52380952380952                  0.0076      0.0460609360229865        24.0818619962292  -1.44370889168559E-005 
       9.57393483709273                  0.0076      0.0461842534020894        23.7582731779922  -1.41241049382275E-005 
       9.62406015037594                  0.0076      0.0463075707811924        23.4346843597552  -1.38111209595991E-005 
       9.67418546365915                  0.0076      0.0464238314388297         23.119412333083  -1.35249866627644E-005 
       9.72431077694235                  0.0076      0.0465407103212163        22.8042996000786  -1.32374827594622E-005 
       9.77443609022556                  0.0076       0.046654000042878         22.493546813261  -1.29628249299626E-005 
       9.82456140350877                  0.0076       0.046764954313205        22.1873782546575     -1.26981875926E-005 
       9.87468671679198                  0.0076       0.046875908583532         21.881209696054  -1.24335502552373E-005 
       9.92481203007519                  0.0076      0.0469807755059614        21.5843007726568   -1.2191372057342E-005 
       9.97493734335839                  0.0076      0.0470862742333631        21.2874504008777  -1.19477616904199E-005 
       10.0250626566416                  0.0076      0.0471886303569463        20.9954022427622  -1.17154735859018E-005 
       10.0751879699248                  0.0076      0.0472891112396913        20.7081568771509  -1.14916315764013E-005 
        10.125313283208                  0.0076       0.047388959247745        20.4209725819659  -1.12692260431082E-005 
       10.1754385964912                  0.0076      0.0474848301070872        20.1435410270043  -1.10640407560014E-005 
       10.2255639097744                  0.0076      0.0475807009664293        19.8661094720427  -1.08588554688945E-005 
       10.2756892230576                  0.0076        0.04767382906926         19.593773890373  -1.06638021671413E-005 
       10.3258145363409                  0.0076      0.0477654738248409          19.32628617083  -1.04760277542471E-005 
       10.3759398496241                  0.0076      0.0478564941782628        19.0589857932605  -1.02896618254108E-005 
       10.4260651629073                  0.0076      0.0479442773296647        18.8015015675595  -1.01180378501622E-005 
       10.4761904761905                  0.0076      0.0480320604810666        18.5440173418585  -9.94641387491356E-006 
       10.5263157894737                  0.0076      0.0481174603614679        18.2917799247947  -9.78379034856492E-006 
       10.5764411027569                  0.0076      0.0482017120497056        18.0442900147167  -9.62738789547098E-006 
       10.6265664160401                  0.0076      0.0482853548621078        17.7971103242792  -9.47234924608443E-006 
       10.6766917293233                  0.0076      0.0483663947712412        17.5595535416977   -9.3301970933343E-006 
       10.7268170426065                  0.0076      0.0484474346803745        17.3219967591163  -9.18804494058417E-006 
       10.7769423558897                  0.0076      0.0485264096017382         17.089718014498  -9.05364110581321E-006 
       10.8270676691729                  0.0076      0.0486045185757074        16.8619811613789  -8.92435080375089E-006 
       10.8771929824561                  0.0076      0.0486820388031324        16.6346671469952  -8.79633665906626E-006 
       10.9273182957393                  0.0076      0.0487574887227733        16.4165987827251  -8.67886367924028E-006 
       10.9774436090226                  0.0076      0.0488329386424142        16.1985304184551  -8.56139069941428E-006 
       11.0275689223058                  0.0076      0.0489066032046531         15.985678620286  -8.45074803406882E-006 
        11.077694235589                  0.0076      0.0489796375676372        15.7770951804853  -8.34444209916457E-006 
       11.1278195488722                  0.0076      0.0490521062701993        15.5690329604363  -8.23934180331708E-006 
       11.1779448621554                  0.0076      0.0491229536356909        15.3697179921073  -8.14340857570631E-006 
       11.2280701754386                  0.0076      0.0491938010011826        15.1704030237783  -8.04747534809554E-006 
       11.2781954887218                  0.0076      0.0492631101708747        14.9761618401566  -7.95740607835755E-006 
        11.328320802005                  0.0076       0.049331987147232        14.7858671489609  -7.87089986590525E-006 
       11.3784461152882                  0.0076      0.0494003231942607        14.5961741956819  -7.78549367886723E-006 
       11.4285714285714                  0.0076       0.049467416512827        14.4146336132689  -7.70763272642824E-006 
       11.4786967418546                  0.0076      0.0495345098313934        14.2330930308558  -7.62977177398924E-006 
       11.5288220551378                  0.0076      0.0496002744514162        14.0564250003274  -7.55686843986289E-006 
       11.5789473684211                  0.0076      0.0496657663619825         13.883358591018   -7.4868381684231E-006 
       11.6290726817043                  0.0076      0.0497307428514206        13.7109568463527  -7.41779347226829E-006 
       11.6791979949875                  0.0076      0.0497947961837183        13.5460720544168  -7.35485880951836E-006 
       11.7293233082707                  0.0076      0.0498588495160161         13.381187262481  -7.29192414676843E-006 
       11.7794486215539                  0.0076       0.049921750064212        13.2209309221774  -7.23318145534555E-006 
       11.8295739348371                  0.0076      0.0499845052402112        13.0639244839627  -7.17675704228945E-006 
       11.8796992481203                  0.0076      0.0500467689103537        12.9076279952655   -7.1212236454565E-006 
       11.9298245614035                  0.0076      0.0501083618704723        12.7581951174166  -7.07079706502918E-006 
       11.9799498746867                  0.0076       0.050169954830591        12.6087622395677  -7.02037048460186E-006 
       12.0300751879699                  0.0076      0.0502305490763328        12.4636882591328  -6.97347836481434E-006 
       12.0802005012531                  0.0076      0.0502911038101828        12.3215203240363  -6.92845313437529E-006 
       12.1303258145363                  0.0076      0.0503511900931254        12.1800911540548  -6.88420784125328E-006 
       12.1804511278195                  0.0076      0.0504108156518112        12.0448768671168  -6.84405695535126E-006 
       12.2305764411028                  0.0076      0.0504704412104971        11.9096625801788  -6.80390606944923E-006 
        12.280701754386                  0.0076      0.0505291964571922        11.7785178530352  -6.76670116167256E-006 
       12.3308270676692                  0.0076      0.0505879959164153        11.6499478317907  -6.73097894510933E-006 
       12.3809523809524                  0.0076       0.050646348401072        11.5221301647556  -6.69594391496495E-006 
       12.4310776942356                  0.0076      0.0507044113918773         11.399896174017  -6.66426231666776E-006 
       12.4812030075188                  0.0076      0.0507624743826825        11.2776621832784  -6.63258071837057E-006 
        12.531328320802                  0.0076      0.0508197778368287        11.1591976698752  -6.60344743919791E-006 
       12.5814536340852                  0.0076      0.0508771939902608        11.0429949162871  -6.57554988592458E-006 
       12.6315789473684                  0.0076      0.0509341825791328        10.9275444223299  -6.54827730297695E-006 
       12.6817042606516                  0.0076      0.0509910191184754        10.8170734664979  -6.52391652158149E-006 
       12.7318295739348                  0.0076       0.051047855657818        10.7066025106659  -6.49955574018604E-006 
        12.781954887218                  0.0076      0.0511040249991585        10.5995990386834  -6.47725280997633E-006 
       12.8320802005013                  0.0076      0.0511603610985011        10.4945673248774  -6.45589942439474E-006 
       12.8822055137845                  0.0076        0.05121628857704        10.3902755803819  -6.43504756312335E-006 
       12.9323308270677                  0.0076      0.0512721839904124        10.2903917001491  -6.41632537534664E-006 
       12.9824561403509                  0.0076      0.0513280794037849        10.1905078199163  -6.39760318756993E-006 
       13.0325814536341                  0.0076      0.0513833806012201        10.0937830735432  -6.38068375037478E-006 
       13.0827067669173                  0.0076      0.0514388891072493        9.99875944268875  -6.36457014840436E-006 
       13.1328320802005                  0.0076      0.0514940057373471         9.9044519379989  -6.34894140327717E-006 
       13.1829573934837                  0.0076      0.0515491855962121        9.81401168025004  -6.33534593911864E-006 
       13.2330827067669                  0.0076      0.0516043654550771        9.72357142250117  -6.32175047496011E-006 
       13.2832080200501                  0.0076      0.0516590206050753        9.63598850244447  -6.30958268561498E-006 
       13.3333333333333                  0.0076           0.05171391962        9.54986124276695  -6.29802540136256E-006 
       13.3834586466165                  0.0076       0.051768441498002        9.46441654528548  -6.28682629591234E-006 
       13.4335839598998                  0.0076       0.051823102990658         9.3823342031998  -6.27700174723009E-006 
        13.483709273183                  0.0076       0.051877764483314        9.30025186111411  -6.26717719854784E-006 
       13.5338345864662                  0.0076      0.0519319521374169        9.22072403035634   -6.2586193920548E-006 
       13.5839598997494                  0.0076      0.0519864089725207        9.14242617389879  -6.25059012664853E-006 
       13.6340852130326                  0.0076      0.0520405019967433        9.06476842199034  -6.24292321565087E-006 
       13.6842105263158                  0.0076      0.0520947974959666        8.99000226771304  -6.23665039194234E-006 
        13.734335839599                  0.0076      0.0521490929951898        8.91523611343575  -6.23037756823381E-006 
       13.7844611528822                  0.0076       0.052202964448452        8.84273077696519  -6.22504245672574E-006 
       13.8345864661654                  0.0076      0.0522571284888095        8.77125310206505  -6.22008331719397E-006 
       13.8847117794486                  0.0076      0.0523109396117879        8.70036602897406  -6.21535336772323E-006 
       13.9348370927318                  0.0076      0.0523650005764439        8.63193667005431  -6.21143620367536E-006 
        13.984962406015                  0.0076         0.0524190615411        8.56350731113454  -6.20751903962748E-006 
       14.0350877192982                  0.0076      0.0524727357392095        8.49704739738402  -6.20444721596223E-006 
       14.0852130325815                  0.0076      0.0525267190236267        8.43143154500894  -6.20170842880916E-006 
       14.1353383458647                  0.0076      0.0525803586232246        8.36634982806131  -6.19923094681969E-006 
       14.1854636591479                  0.0076      0.0526342851413135        8.30332376314315  -6.19769533681796E-006 
       14.2355889724311                  0.0076      0.0526882116594024          8.240297698225  -6.19615972681623E-006 
       14.2857142857143                  0.0076      0.0527417830603601        8.17896317318325  -6.19517561214892E-006 
       14.3358395989975                  0.0076      0.0527956767137326        8.11831120757587  -6.19440406887409E-006 
       14.3859649122807                  0.0076       0.052849235545349        8.05813205777336  -6.19375667599339E-006 
       14.4360902255639                  0.0076       0.052903114260214        7.99964156273694  -6.19353876197462E-006 
       14.4862155388471                  0.0076      0.0529569929750791        7.94115106770052  -6.19332084795585E-006 
       14.5363408521303                  0.0076      0.0530105369466056          7.884076389502  -6.19358781140092E-006 
       14.5864661654135                  0.0076      0.0530644111799184        7.82753875176752  -6.19403968666327E-006 
       14.6365914786967                  0.0076      0.0531179566596633         7.7714070769736  -6.19464385667641E-006 
         14.68671679198                  0.0076      0.0531718428437821        7.71662496483289  -6.19577536838057E-006 
       14.7368421052632                  0.0076      0.0532257290279008        7.66184285269219  -6.19690688008473E-006 
       14.7869674185464                  0.0076      0.0532793034062077        7.60821413677441  -6.19841887676266E-006 
       14.8370927318296                  0.0076      0.0533332164796398        7.55499595490617  -6.20007794098255E-006 
       14.8872180451128                  0.0076      0.0533868061028675        7.50211348914098   -6.2018390188028E-006 
        14.937343358396                  0.0076      0.0534407535348668        7.45027261375917  -6.20396436431642E-006 
       14.9874686716792                  0.0076      0.0534947009668662        7.39843173837735  -6.20608970983004E-006 
       15.0375939849624                  0.0076      0.0535483499418286        7.34748774531722   -6.2085103467872E-006 
       15.0877192982456                  0.0076      0.0536023421893503        7.29684271538398   -6.2110485436301E-006 
       15.1378446115288                  0.0076      0.0536560154674452        7.24645904181858  -6.21366765939356E-006 
        15.187969924812                  0.0076       0.053710059999743        7.19683394147005   -6.2165871601806E-006 
       15.2380952380952                  0.0076      0.0537641045320409        7.14720884112153  -6.21950666096765E-006 
       15.2882205513784                  0.0076      0.0538178641836373        7.09823094623095  -6.22262243409094E-006 
       15.3383458646617                  0.0076      0.0538719714576665        7.04945463992564  -6.22582403779601E-006 
       15.3884711779449                  0.0076      0.0539257636768535        7.00086117436943  -6.22907648111868E-006 
       15.4385964912281                  0.0076      0.0539799381741663        6.95276520354638  -6.23254359345248E-006 
       15.4887218045113                  0.0076      0.0540341126714791        6.90466923272332  -6.23601070578627E-006 
       15.5388471177945                  0.0076      0.0540880114978148        6.85697396823238  -6.23968086327505E-006 
       15.5889724310777                  0.0076      0.0541422606876649        6.80939503707881  -6.24343864920376E-006 
       15.6390977443609                  0.0076      0.0541961976986248        6.76191624290497  -6.24725447608482E-006 
       15.6892230576441                  0.0076      0.0542505245687137        6.71469335016286   -6.2513040297374E-006 
       15.7393483709273                  0.0076      0.0543048514388026        6.66747045742075  -6.25535358338999E-006 
       15.7894736842105                  0.0076      0.0543589120085372        6.62040432038498  -6.25957819542834E-006 
       15.8395989974937                  0.0076      0.0544133255219694        6.57338048026711  -6.26388268112966E-006 
       15.8897243107769                  0.0076      0.0544674294217925        6.52636939281714  -6.26824204574225E-006 
       15.9398496240602                  0.0076       0.054521929578568        6.47938895802655  -6.27282644610367E-006 
       15.9899749373434                  0.0076      0.0545764297353434        6.43240852323596  -6.27741084646509E-006 
       16.0401002506266                  0.0076      0.0546306778944168        6.38534059236564  -6.28216976505926E-006 
       16.0902255639098                  0.0076      0.0546852826207445        6.33825078379882  -6.28700855040493E-006 
        16.140350877193                  0.0076      0.0547395803573758        6.29108075182452  -6.29189662118383E-006 
       16.1904761904762                  0.0076      0.0547942806901513        6.24372898159084  -6.29699617393272E-006 
       16.2406015037594                  0.0076      0.0548489810229267        6.19637721135715  -6.30209572668161E-006 
       16.2907268170426                  0.0076      0.0549034318517813        6.14868971066086    -6.307346929461E-006 
       16.3408521303258                  0.0076      0.0549582397418105        6.10092472935995   -6.3126726021959E-006 
        16.390977443609                  0.0076      0.0550127467175864        6.05297964755543  -6.31804868767732E-006 
       16.4411027568922                  0.0076       0.055067669634123        6.00464963214827  -6.32363786313784E-006 
       16.4912280701754                  0.0076      0.0551225925506597         5.9563196167411  -6.32922703859836E-006 
       16.5413533834586                  0.0076       0.055177273305202        5.90739819713032  -6.33505850633997E-006 
       16.5914786967419                  0.0076      0.0552323127420969        5.85835132457784  -6.34098430881191E-006 
       16.6416040100251                  0.0076      0.0552870561803186        5.80901645188673  -6.34699651047562E-006 
       16.6917293233083                  0.0076      0.0553422255822283        5.75910013429833  -6.35329668740826E-006 
       16.7418546365915                  0.0076      0.0553973949841381        5.70918381670992   -6.3595968643409E-006 
       16.7919799498747                  0.0076      0.0554523333825074         5.6584101105726  -6.36610295234464E-006 
       16.8421052631579                  0.0076      0.0555076327494321        5.60747003914158  -6.37269635583978E-006 
       16.8922305764411                  0.0076      0.0555626391964269        5.55612369996874  -6.37936766052748E-006 
       16.9423558897243                  0.0076       0.055618077491471        5.50400174163051  -6.38630881467852E-006 
       16.9924812030075                  0.0076      0.0556735157865151        5.45187978329228  -6.39324996882955E-006 
       17.0426065162907                  0.0076      0.0557287407606043        5.39861588771499  -6.40059999937481E-006 
       17.0927318295739                  0.0076      0.0557843299345738        5.34515046757284  -6.40807435904123E-006 
       17.1428571428571                  0.0076       0.055839632473137        5.29114765783592  -6.41574205124298E-006 
       17.1929824561403                  0.0076      0.0558953785014348        5.23617375916101   -6.4238940414481E-006 
       17.2431077694236                  0.0076      0.0559511245297327         5.1811998604861  -6.43204603165322E-006 
       17.2932330827068                  0.0076       0.056006684190485        5.12477862168842  -6.44071738444739E-006 
         17.34335839599                  0.0076      0.0560626124685739        5.06812663864242  -6.44953205209537E-006 
       17.3934837092732                  0.0076      0.0561182643644496         5.0107900846185  -6.45857041635592E-006 
       17.4436090225564                  0.0076       0.056174377880031        4.95228161556991   -6.4681451389246E-006 
       17.4937343358396                  0.0076      0.0562304913956124        4.89377314652131  -6.47771986149328E-006 
       17.5438596491228                  0.0076      0.0562864433086241        4.83347679792017   -6.4880627874238E-006 
        17.593984962406                  0.0076      0.0563427674571608        4.77292502787004  -6.49858611980473E-006 
       17.6441102756892                  0.0076       0.056398832051265        4.71151902659964  -6.50947902489961E-006 
       17.6942355889724                  0.0076      0.0564553862528166        4.64872662383981  -6.52115082798366E-006 
       17.7443609022556                  0.0076      0.0565119404543681        4.58593422107998  -6.53282263106771E-006 
       17.7944862155388                  0.0076      0.0565683726106888        4.52096710489392  -6.54561737337139E-006 
       17.8446115288221                  0.0076      0.0566251822607179          4.455724308878  -6.55864006101698E-006 
       17.8947368421053                  0.0076      0.0566817544218607        4.38942686121996  -6.57219743359188E-006 
       17.9448621553885                  0.0076      0.0567388508912331         4.3215055549636  -6.58679384339814E-006 
       17.9949874686717                  0.0076      0.0567959473606055        4.25358424870723   -6.6013902532044E-006 
       18.0451127819549                  0.0076      0.0568529805956346        4.18302978290602  -6.61764414717565E-006 
       18.0952380952381                  0.0076      0.0569103982429175        4.11218272813531  -6.63418865360327E-006 
       18.1453634085213                  0.0076      0.0569676125756609        4.04003776985972  -6.65169844272919E-006 
       18.1954887218045                  0.0076      0.0570254021917796        3.96599583442421  -6.67088964712203E-006 
       18.2456140350877                  0.0076      0.0570831918078983        3.89195389898869  -6.69008085151487E-006 
       18.2957393483709                  0.0076      0.0571410157546669        3.81471809421762  -6.71165447720522E-006 
       18.3458646616541                  0.0076      0.0571992341059498        3.73717600672962  -6.73359522768595E-006 
       18.3959899749373                  0.0076      0.0572572966791661         3.6580194818259  -6.75658694796764E-006 
       18.4461152882206                  0.0076      0.0573160020257922        3.57662196872553  -6.78138082207822E-006 
       18.4962406015038                  0.0076      0.0573747073724184        3.49522445562515  -6.80617469618881E-006 
        18.546365914787                  0.0076       0.057433583118931        3.40991464978862  -6.83665506422081E-006 
       18.5964912280702                  0.0076      0.0574928650919452        3.32428760304579  -6.86778248619746E-006 
       18.6466165413534                  0.0076      0.0575520982874276        3.23665069582072  -6.90204511962813E-006 
       18.6967418546366                  0.0076      0.0576121182227104        3.14636302596247   -6.9409421337368E-006 
       18.7468671679198                  0.0076      0.0576721381579933        3.05607535610424  -6.97983914784547E-006 
        18.796992481203                  0.0076      0.0577325439753663        2.96080638777325  -7.01757345476671E-006 
       18.8471177944862                  0.0076      0.0577933720839029         2.8652052939743  -7.05548228806557E-006 
       18.8972431077694                  0.0076      0.0578542070818322        2.76695367331061   -7.0984827794236E-006 
       18.9473684210526                  0.0076      0.0579159001299509        2.66537947108141  -7.14847517300683E-006 
       18.9974937343358                  0.0076      0.0579775931780695         2.5638052688522  -7.19846756659006E-006 
        19.047619047619                  0.0076      0.0580404145613251         2.4562932928529  -7.29649096189585E-006 
       19.0977443609023                  0.0076      0.0581037000543393        2.34846872349494  -7.39753140115825E-006 
       19.1478696741855                  0.0076      0.0581674816423685        2.23709170370745  -7.48353289456918E-006 
       19.1979949874687                  0.0076      0.0582327210921587          2.121480754031  -7.55275934592969E-006 
       19.2481203007519                  0.0076       0.058297960541949        2.00586980435457   -7.6219857972902E-006 
       19.2982456140351                  0.0076       0.058362920407795        1.88032447298171  -7.58763848221253E-006 
       19.3483709273183                  0.0076      0.0584282868348986        1.75439209022123  -7.54935472738848E-006 
       19.3984962406015                  0.0076      0.0584941317606221        1.62337346449481  -7.70241459901216E-006 
       19.4486215538847                  0.0076      0.0585613894027706        1.48659013233935  -8.07452147743285E-006 
       19.4987468671679                  0.0076       0.058628647044919        1.34980680018388  -8.44662835585358E-006 
       19.5488721804511                  0.0076      0.0587124070493285        1.21931831552535   -9.2980095701723E-006 
       19.5989974937343                  0.0076      0.0587970695465215        1.08899042632908  -1.01655914737007E-005 
       19.6491228070175                  0.0076      0.0588671818837602       0.925902037824405  -9.00654507846517E-006 
       19.6992481203008                  0.0076      0.0589225051522968       0.727502668543956  -5.64702136342912E-006 
        19.749373433584                  0.0076      0.0589778284208335        0.52910329926352  -2.28749764839332E-006 
       19.7994987468672                  0.0076      0.0590273863166562       0.442581101525786  -4.39653583579512E-006 
       19.8496240601504                  0.0076      0.0590771987697899       0.357475587955485  -6.57110475268779E-006 
       19.8997493734336                  0.0076       0.059654130638715       0.252422422716619   -1.0819523511915E-005 
       19.9498746867168                  0.0076      0.0607788448901639       0.126352008147178  -1.72478973470742E-005 
                     20                  0.0076      0.0619000990389239    0.000559157771166187  -2.36564947514077E-005 
