                    -10                       1                       0       -441.489624023438                       0 
      -9.94974874371859                       1                       0       -458.997669502693                       0 
      -9.89949748743719                       1                       0       -486.988988051134                       0 
      -9.84924623115578                       1                       0       -500.941002244218                       0 
      -9.79899497487437                       1                       0       -507.710866077794                       0 
      -9.74874371859296                       1                       0       -514.507830932202                       0 
      -9.69849246231156                       1                       0       -520.592119444439                       0 
      -9.64824120603015                       1                       0       -525.452396417818                       0 
      -9.59798994974874                       1                       0       -529.585408288987                       0 
      -9.54773869346734                       1                       0       -533.303681826474                       0 
      -9.49748743718593                       1                       0       -536.680857621334                       0 
      -9.44723618090452                       1                       0       -539.749472862354                       0 
      -9.39698492462312                       1                       0       -542.544425639947                       0 
      -9.34673366834171                       1                       0       -545.100030888129                       0 
       -9.2964824120603                       1                       0       -547.438926483655                       0 
      -9.24623115577889                       1                       0       -549.596730322894                       0 
      -9.19597989949749                       1                       0       -551.634551188959                       0 
      -9.14572864321608                       1                       0       -553.582867243803                       0 
      -9.09547738693467                       1                       0       -555.442146068057                       0 
      -9.04522613065327                       1                       0       -557.217311264901                       0 
      -8.99497487437186                       1                       0       -558.919486333726                       0 
      -8.94472361809045                       1                       0       -560.558414099286                       0 
      -8.89447236180905                       1                       0       -562.141875852182                       0 
      -8.84422110552764                       1                       0       -563.677909194988                       0 
      -8.79396984924623                       1                       0        -565.17395293941                       0 
      -8.74371859296483                       1                       0       -566.635601336654                       0 
      -8.69346733668342                       1                       0       -568.068392267076                       0 
      -8.64321608040201                       1                       0       -569.478045702972                       0 
       -8.5929648241206                       1                       0       -570.870452360189                       0 
       -8.5427135678392                       1                       0       -572.251908210894                       0 
      -8.49246231155779                       1                       0       -573.629650457384                       0 
      -8.44221105527638                       1                       0       -575.011042187224                       0 
      -8.39195979899498                       1                       0       -576.403270746686                       0 
      -8.34170854271357                       1                       0       -577.812774631436                       0 
      -8.29145728643216                       1                       0       -579.245428784223                       0 
      -8.24120603015075                       1                       0       -580.706750537278                       0 
      -8.19095477386935                       1                       0       -582.202373464604                       0 
      -8.14070351758794                       1                       0       -583.737665247048                       0 
      -8.09045226130653                       1                       0       -585.318049066662                       0 
      -8.04020100502512                       1                       0       -586.948317836333                       0 
      -7.98994974874372                       1                       0       -588.632709966163                       0 
      -7.93969849246231                       1                       0       -590.374795332111                       0 
       -7.8894472361809                       1                       0       -592.177683653102                       0 
       -7.8391959798995                       1                       0       -594.045673562566                       0 
      -7.78894472361809                       1                       0       -595.986002488754                       0 
      -7.73869346733668                       1                       0       -598.005464079835                       0 
      -7.68844221105528                       1                       0       -600.105745257344                       0 
      -7.63819095477387                       1                       0       -602.284845953977                       0 
      -7.58793969849246                       1                       0       -604.540201326336                       0 
      -7.53768844221105                       1                       0        -606.86815768269                       0 
      -7.48743718592965                       1                       0       -609.263609737448                       0 
      -7.43718592964824                       1                       0        -611.72013447714                       0 
      -7.38693467336683                       1                       0       -614.230264027008                       0 
      -7.33668341708543                       1                       0       -616.785169373598                       0 
      -7.28643216080402                       1                       0       -619.373988320882                       0 
      -7.23618090452261                       1                       0       -621.983720496609                       0 
      -7.18592964824121                       1                       0       -624.600750424589                       0 
       -7.1356783919598                       1                       0        -627.21157572239                       0 
      -7.08542713567839                       1                       0       -629.802508637648                       0 
      -7.03517587939698                       1                       0       -632.359560251089                       0 
      -6.98492462311558                       1                       0       -634.868917581524                       0 
      -6.93467336683417                       1                       0       -637.317298760253                       0 
      -6.88442211055276                       1                       0       -639.692137263123                       0 
      -6.83417085427136                       1                       0        -641.98153527275                       0 
      -6.78391959798995                       1                       0       -644.174755560989                       0 
      -6.73366834170854                       1                       0       -646.262074798463                       0 
      -6.68341708542714                       1                       0       -648.235223119749                       0 
      -6.63316582914573                       1                       0       -650.087320015643                       0 
      -6.58291457286432                       1                       0       -651.812947873851                       0 
      -6.53266331658291                       1                       0       -653.408164233907                       0 
      -6.48241206030151                       1                       0       -654.870496590343                       0 
       -6.4321608040201                       1                       0         -656.1988209035                       0 
      -6.38190954773869                       1                       0       -657.393257761497                       0 
      -6.33165829145729                       1                       0       -658.455577327986                       0 
      -6.28140703517588                       1                       0       -659.388511045805                       0 
      -6.23115577889447                       1                       0        -660.19535286136                       0 
      -6.18090452261307                       1                       0       -660.880782011261                       0 
      -6.13065326633166                       1                       0       -661.450266377219                       0 
      -6.08040201005025                       1                       0       -661.909551244192                       0 
      -6.03015075376884                       1                       0       -662.264050411863                       0 
      -5.97989949748744                       1                       0       -662.520029040438                       0 
      -5.92964824120603                       1                       0       -662.689045632936                       0 
      -5.87939698492462                       1                       0       -662.784831770348                       0 
      -5.82914572864322                       1                       0       -662.811293091307                       0 
      -5.77889447236181                       1                       0       -662.763281844274                       0 
       -5.7286432160804                       1                       0       -662.644794348718                       0 
        -5.678391959799                       1                       0       -662.474699497346                       0 
      -5.62814070351759                       1                       0       -662.267366748131                       0 
      -5.57788944723618                       1                       0       -662.024354704395                       0 
      -5.52763819095477                       1                       0       -661.747835857602                       0 
      -5.47738693467337                       1                       0       -661.445062765377                       0 
      -5.42713567839196                       1                       0       -661.123345390029                       0 
      -5.37688442211055                       1                       0        -660.78840609332                       0 
      -5.32663316582915                       1                       0        -660.44535425527                       0 
      -5.27638190954774                       1                       0       -660.099216400036                       0 
      -5.22613065326633                       1                       0        -659.75465585484                       0 
      -5.17587939698493                       1                       0       -659.415920896141                       0 
      -5.12562814070352                       1                       0       -659.086893804278                       0 
      -5.07537688442211                       1                       0       -658.770929564991                       0 
       -5.0251256281407                       1                       0       -658.469302741794                       0 
       -4.9748743718593                       1                       0       -658.177377917114                       0 
      -4.92462311557789                       1                       0       -657.887005173842                       0 
      -4.87437185929648                       1                       0       -657.595945132521                       0 
      -4.82412060301507                       1                       0       -657.309352558995                       0 
      -4.77386934673367                       1                       0       -657.033836606011                       0 
      -4.72361809045226                       1                       0       -656.775023994056                       0 
      -4.67336683417085                       1                       0       -656.537882761628                       0 
      -4.62311557788945                       1                       0       -656.326831328389                       0 
      -4.57286432160804                       1                       0       -656.145585517694                       0 
      -4.52261306532663                       1                       0       -655.997061496033                       0 
      -4.47236180904523                       1                       0       -655.883524270145                       0 
      -4.42211055276382                       1                       0       -655.806512764779                       0 
      -4.37185929648241                       1                       0        -655.76727356799                       0 
        -4.321608040201                       1                       0       -655.766691756746                       0 
       -4.2713567839196                       1                       0       -655.805045212283                       0 
      -4.22110552763819                       1                       0       -655.882148576095                       0 
      -4.17085427135678                       1                       0       -655.997310710193                       0 
      -4.12060301507538                       1                       0       -656.149888792479                       0 
      -4.07035175879397                       1                       0       -656.339413432417                       0 
      -4.02010050251256                       1                       0       -656.565169351109                       0 
      -3.96984924623116                       1                       0       -656.826215585043                       0 
      -3.91959798994975                       1                       0        -657.12152453409                       0 
      -3.86934673366834                       1                       0       -657.450116341704                       0 
      -3.81909547738693                       1                       0       -657.810987433791                       0 
      -3.76884422110553                       1                       0       -658.203199079198                       0 
      -3.71859296482412                       1                       0       -658.625768258692                       0 
      -3.66834170854271                       1                       0       -659.077873602277                       0 
      -3.61809045226131                       1                       0       -659.558676303926                       0 
       -3.5678391959799                       1                       0       -660.067445326806                       0 
      -3.51758793969849                       1                       0       -660.603561449253                       0 
      -3.46733668341709                       1                       0       -661.166444145882                       0 
      -3.41708542713568                       1                       0       -661.755616175594                       0 
      -3.36683417085427                       1                       0       -662.370722858418                       0 
      -3.31658291457286                       1                       0       -663.011538811202                       0 
      -3.26633165829146                       1                       0       -663.677837220234                       0 
      -3.21608040201005                       1                       0       -664.369534890331                       0 
      -3.16582914572864                       1                       0       -665.086631821493                       0 
      -3.11557788944724                       1                       0       -665.829293639016                       0 
      -3.06532663316583                       1                       0       -666.597644859466                       0 
      -3.01507537688442                       1                       0        -667.39208838734                       0 
      -2.96482412060301                       1                       0         -668.2130089547                       0 
      -2.91457286432161                       1                       0       -669.060846077189                       0 
       -2.8643216080402                       1                       0       -669.936310171747                       0 
      -2.81407035175879                       1                       0       -670.839992008845                       0 
      -2.76381909547739                       1                       0       -671.772695936804                       0 
      -2.71356783919598                       1                       0       -672.735261141052                       0 
      -2.66331658291457                       1                       0       -673.728582601893                       0 
      -2.61306532663317                       1                       0       -674.753540943103                       0 
      -2.56281407035176                       1                       0       -675.811781028232                       0 
      -2.51256281407035                       1                       0       -676.904811270528                       0 
      -2.46231155778894                       1                       0       -678.032107144792                       0 
      -2.41206030150754                       1                       0       -679.194158772882                       0 
      -2.36180904522613                       1                       0       -680.394066294688                       0 
      -2.31155778894472                       1                       0       -681.634349187151                       0 
      -2.26130653266332                       1                       0       -682.916498415001                       0 
      -2.21105527638191                       1                       0       -684.242384167824                       0 
       -2.1608040201005                       1                       0       -685.613189734129                       0 
       -2.1105527638191                       1                       0       -687.030513252321                       0 
      -2.06030150753769                       1                       0       -688.497517337333                       0 
      -2.01005025125628                       1                       0       -690.017097219579                       0 
      -1.95979899497487                       1                       0       -691.591830289358                       0 
      -1.90954773869347                       1                       0       -693.223216581804                       0 
      -1.85929648241206                       1                       0       -694.914786228158                       0 
      -1.80904522613065                       1                       0       -696.671173253141                       0 
      -1.75879396984925                       1                       0       -698.494185711735                       0 
      -1.70854271356784                       1                       0       -700.386607072766                       0 
      -1.65829145728643                       1                       0       -702.352152443858                       0 
      -1.60804020100503                       1                       0       -704.394618710237                       0 
      -1.55778894472362                       1                       0       -706.518087855856                       0 
      -1.50753768844221                       1                       0       -708.726976853127                       0 
       -1.4572864321608                       1                       0       -711.026056832093                       0 
       -1.4070351758794                       1                       0       -713.420574198821                       0 
      -1.35678391959799                       1                       0       -715.916235176429                       0 
      -1.30653266331658                       1                       0        -718.51900539365                       0 
      -1.25628140703517                       1                       0         -721.2357039526                       0 
      -1.20603015075377                       1                       0       -724.073373692713                       0 
      -1.15577889447236                       1                       0        -727.03966425965                       0 
      -1.10552763819095                       1                       0       -730.143037194714                       0 
      -1.05527638190955                       1                       0       -733.393286775011                       0 
      -1.00502512562814                       1                       0       -736.801003594406                       0 
     -0.954773869346733                       1                       0       -740.377773721453                       0 
     -0.904522613065327                       1                       0       -744.136530253472                       0 
      -0.85427135678392                       1                       0       -748.091857632863                       0 
     -0.804020100502512                       1                       0       -752.260120947247                       0 
     -0.753768844221106                       1                       0       -756.659727856072                       0 
     -0.703517587939698                       1                       0       -761.311875429781                       0 
     -0.653266331658291                       1                       0        -766.24085257688                       0 
     -0.603015075376884                       1                       0       -771.474812768381                       0 
     -0.552763819095478                       1                       0        -777.04673776734                       0 
      -0.50251256281407                       1                       0       -782.995876977672                       0 
     -0.452261306532662                       1                       0       -789.369341298062                       0 
     -0.402010050251256                       1                       0       -796.224675114709                       0 
      -0.35175879396985                       1                       0       -803.634707144104                       0 
     -0.301507537688442                       1                       0       -811.690925012649                       0 
     -0.251256281407034                       1                       0        -820.52335750165                       0 
     -0.201005025125628                       1                       0       -830.294884105566                       0 
      -0.15075376884422                       1                       0       -841.297182700701                       0 
     -0.100502512562814                       1                       0       -853.704331974144                       0 
    -0.0502512562814079                       1                       0       -867.656298668203                       0 
                      0                       1                       0       -883.281860351563                       0 
